Episode Number,Algorithm ID,Experience,Expected Reward,Reward Variance
0,0,64,51.09,32.00370134843781
1,0,128,60.21,37.90494558761429
2,0,192,76.32,58.3134255553556
3,0,256,76.30999999999999,63.26174910639129
4,0,320,54.96,45.18938370900847
5,0,384,42.660000000000004,31.368812537295696
6,0,448,45.92,39.567304684549846
7,0,512,39.330000000000005,27.797735519282863
8,0,576,43.080000000000005,29.85407174909312
9,0,640,43.300000000000004,27.508834944431946
10,0,704,46.93,29.74797640176555
11,0,768,49.99,31.965683161790864
12,0,832,49.540000000000006,35.53404564639383
13,0,896,53.55999999999999,40.91657854708773
14,0,960,54.529999999999994,47.156570061869424
15,0,1024,50.7,38.618596556581394
16,0,1088,52.44,39.207631910126885
17,0,1152,49.8,29.849790619031147
18,0,1216,46.550000000000004,31.145280541359714
19,0,1280,52.92999999999999,38.47643564572997
20,0,1344,53.089999999999996,40.715659149766935
21,0,1408,50.91,36.95181862912839
22,0,1472,50.06,40.22186470068239
23,0,1536,50.739999999999995,37.930151594740565
24,0,1600,50.09,38.85154951864855
25,0,1664,52.4,41.854247096322254
26,0,1728,48.339999999999996,35.14487729385323
27,0,1792,51.370000000000005,40.36602655699468
28,0,1856,51.73,42.21717778345682
29,0,1920,46.79,36.973705521627124
30,0,1984,49.18999999999999,42.75313906603818
31,0,2048,47.57,35.29453357107869
32,0,2112,48.18,36.558468239246565
33,0,2176,52.71,43.99248685855347
34,0,2240,47.230000000000004,33.13517919070304
35,0,2304,47.269999999999996,38.70994833372941
36,0,2368,52.75999999999999,45.05521501446864
37,0,2432,47.64999999999999,39.8599109381845
38,0,2496,52.31999999999999,49.357589082125955
39,0,2560,47.27,40.5777044693265
40,0,2624,50.769999999999996,46.77986853337662
41,0,2688,49.720000000000006,44.548059441461646
42,0,2752,48.56,42.363526765367396
43,0,2816,46.68,38.44769954106487
44,0,2880,54.269999999999996,48.42470547148428
45,0,2944,48.62,45.96215399652196
46,0,3008,53.35,46.308600713042495
47,0,3072,52.279999999999994,45.428048604358956
48,0,3136,55.77,51.77767955403178
49,0,3200,50.540000000000006,45.692892226253306
50,0,3264,52.330000000000005,46.57857984095265
51,0,3328,51.959999999999994,50.182590606703435
52,0,3392,55.14,49.297387354706736
53,0,3456,54.30999999999999,46.65154766993267
54,0,3520,51.989999999999995,45.32212373664765
55,0,3584,54.79,52.07950556600936
56,0,3648,56.389999999999986,48.027209996001226
57,0,3712,56.4,50.54631539489302
58,0,3776,50.21,45.07341677751976
59,0,3840,54.86999999999999,46.917396560337835
60,0,3904,56.989999999999995,50.29370636570743
61,0,3968,55.05,53.84403866724709
62,0,4032,55.019999999999996,51.51651773945906
63,0,4096,57.10000000000001,49.58840590299309
64,0,4160,56.970000000000006,49.18501906068554
65,0,4224,55.779999999999994,52.342770274413255
66,0,4288,53.86,47.754501358510694
67,0,4352,55.84000000000001,41.42475588340866
68,0,4416,61.480000000000004,52.07052525181592
69,0,4480,58.14,46.794619348809746
70,0,4544,58.89000000000001,46.78344685890513
71,0,4608,58.1,45.39601304079467
72,0,4672,58.96999999999999,43.06968887744605
73,0,4736,64.15,48.55778516365836
74,0,4800,54.160000000000004,40.163794641442934
75,0,4864,61.779999999999994,47.44539598317206
76,0,4928,67.89,48.18641821094405
77,0,4992,60.47000000000001,43.86677672225302
78,0,5056,66.39999999999999,52.42528016138779
79,0,5120,67.19999999999999,50.65196935954218
80,0,5184,74.08,53.32394959115463
81,0,5248,75.32000000000001,54.08707424144885
82,0,5312,64.39000000000001,51.06150115302135
83,0,5376,70.27,55.94670767793222
84,0,5440,69.09,55.592939299878715
85,0,5504,61.0,44.09192669865993
86,0,5568,73.28,51.522457239537786
87,0,5632,68.77,51.62987604091259
88,0,5696,68.45000000000002,48.292240577550345
89,0,5760,70.46000000000001,50.25658563810319
90,0,5824,70.11999999999999,52.04491906036554
91,0,5888,67.75,49.04380185099846
92,0,5952,75.06,54.279097265890485
93,0,6016,68.36,44.59101254737326
94,0,6080,70.24,50.91224214273027
95,0,6144,65.75999999999999,49.038682690300725
96,0,6208,73.07,57.998776711237625
97,0,6272,71.5,51.467834615417814
98,0,6336,68.4,49.12777218641203
99,0,6400,71.86999999999999,50.01389906815904
100,0,6464,75.68999999999998,53.28131848969205
101,0,6528,74.33000000000001,50.894774780914396
102,0,6592,81.88000000000001,57.93528803760278
103,0,6656,79.97,48.85587068101437
104,0,6720,75.94000000000001,47.41919864358739
105,0,6784,80.28,55.10903374220964
106,0,6848,81.92999999999999,55.21570519335961
107,0,6912,83.54,54.71577834592139
108,0,6976,84.53999999999999,52.04406210126185
109,0,7040,84.09,49.41413664124873
110,0,7104,80.39,51.75083477587584
111,0,7168,80.68,48.55402763932154
112,0,7232,83.23,51.915412932962404
113,0,7296,81.86,51.892643023842986
114,0,7360,84.08000000000001,49.32197887352047
115,0,7424,88.72,51.04785597848356
116,0,7488,83.32000000000001,49.92556058773902
117,0,7552,87.24,51.236397219164424
118,0,7616,89.41000000000001,49.852230642168855
119,0,7680,84.19999999999999,50.72792130572669
120,0,7744,91.22,55.02978829688517
121,0,7808,80.50999999999999,46.27678575700781
122,0,7872,81.71,50.6220396665326
123,0,7936,83.60999999999999,48.29932608225503
124,0,8000,85.71000000000001,47.59961029252235
125,0,8064,84.76,51.91246863712031
126,0,8128,85.01,52.29182440879262
127,0,8192,89.03999999999999,48.35281170728337
128,0,8256,85.99,50.345535055255894
129,0,8320,83.15,47.99721346078332
130,0,8384,83.33,46.70434776335068
131,0,8448,84.95,49.009881656661854
132,0,8512,77.11,48.21013275235819
133,0,8576,82.5,52.105968947904614
134,0,8640,78.15,43.912851194155
135,0,8704,82.37,42.19279677859717
136,0,8768,84.14000000000001,45.28282676688812
137,0,8832,83.04,41.86669798300315
138,0,8896,72.7,39.00638409286357
139,0,8960,73.72,35.31398589794134
140,0,9024,74.6,38.669212559864725
141,0,9088,79.6,43.59151293543274
142,0,9152,69.19999999999999,35.82353974693177
143,0,9216,76.67,34.884295893711254
144,0,9280,74.75,36.68193697175764
145,0,9344,75.47999999999999,36.84578130532721
146,0,9408,73.96000000000001,35.957007661928714
147,0,9472,75.78999999999999,38.94677008430866
148,0,9536,74.85999999999999,38.14276340277406
149,0,9600,78.4,43.90640044458211
150,0,9664,76.12,41.32896804905731
151,0,9728,76.42,37.889650301896424
152,0,9792,72.55,36.46980257692657
153,0,9856,73.83000000000001,37.39895854164926
154,0,9920,77.04999999999998,35.94649496126152
155,0,9984,80.03999999999999,38.65819964768148
156,0,10048,79.91,39.51074410840676
157,0,10112,82.95,46.59745164705898
158,0,10176,77.14000000000001,37.32262584545734
159,0,10240,76.66000000000001,45.97456253190453
160,0,10304,83.49,44.02963660990175
161,0,10368,84.57000000000001,41.182254673584836
162,0,10432,81.15,37.584152245328085
163,0,10496,91.49000000000001,45.72525450995325
164,0,10560,82.51,39.449422048998386
165,0,10624,83.62,39.555651934963734
166,0,10688,81.04,36.7085058263068
167,0,10752,81.78,38.16120543169464
168,0,10816,88.02000000000001,38.088890768831796
169,0,10880,83.85,38.33221230244871
170,0,10944,82.32,33.72212330206981
171,0,11008,80.94000000000001,39.968692748199814
172,0,11072,84.48999999999998,40.15550896203409
173,0,11136,85.43,37.06748035677634
174,0,11200,88.47,39.31178067704387
175,0,11264,89.30000000000001,41.82927204721593
176,0,11328,85.43999999999998,36.67850051460665
177,0,11392,95.14,45.428123447925955
178,0,11456,84.61,39.44883901967205
179,0,11520,91.87,45.94703581298797
180,0,11584,90.41,49.72915543220094
181,0,11648,87.69,47.02381205304393
182,0,11712,90.63,47.99312554939509
183,0,11776,87.74,47.14310554047113
184,0,11840,94.07,51.61736238902565
185,0,11904,87.08,49.995975838061206
186,0,11968,84.74,46.53117664534177
187,0,12032,87.88,49.24865074293914
188,0,12096,94.58000000000001,52.44371840363725
189,0,12160,94.06000000000002,53.28195191619766
190,0,12224,91.57000000000002,49.209227793169035
191,0,12288,92.26,53.66591469452468
192,0,12352,90.80999999999999,51.218403918903995
193,0,12416,93.08000000000001,53.88771288522088
194,0,12480,95.41000000000001,54.80369421854699
195,0,12544,98.91,59.16303660225699
196,0,12608,94.84,55.70497643837577
197,0,12672,93.75999999999999,55.3530342438425
198,0,12736,95.41,55.621766422867225
199,0,12800,94.49,58.92134502877544
200,0,12864,94.75,53.518524830193144
201,0,12928,90.92,57.789078552958436
202,0,12992,96.33,60.47665748038659
203,0,13056,99.41999999999999,60.794124716126966
204,0,13120,98.57000000000002,61.97556050573483
205,0,13184,100.05999999999999,60.07590531985348
206,0,13248,95.95,59.62907428427847
207,0,13312,93.47,60.025662012176085
208,0,13376,92.28,59.08466467705474
209,0,13440,92.42,63.57791755004248
210,0,13504,95.99,60.97390343417419
211,0,13568,88.36999999999999,60.65017807063718
212,0,13632,94.13,62.903704978323816
213,0,13696,100.49,60.34340809069372
214,0,13760,87.47999999999999,58.936657523140894
215,0,13824,93.26,61.21820317519945
216,0,13888,89.33000000000001,61.81946376344589
217,0,13952,89.57,58.82842935180235
218,0,14016,89.14000000000001,57.27900487962409
219,0,14080,91.46000000000001,61.85428360267379
220,0,14144,88.45000000000002,56.29495980991549
221,0,14208,91.91,58.67409053406793
222,0,14272,89.33,54.74027858898784
223,0,14336,89.05000000000001,54.89555992974295
224,0,14400,83.48,52.38934624520524
225,0,14464,87.42,50.018652520834664
226,0,14528,87.83000000000001,50.403592133894584
227,0,14592,85.94,53.52485777655089
228,0,14656,84.62,50.97194914852678
229,0,14720,86.31000000000002,49.16835262646085
230,0,14784,83.92999999999999,51.11813865938391
231,0,14848,81.92999999999999,49.40283493889799
232,0,14912,83.14999999999999,49.61869103473005
233,0,14976,83.89000000000001,50.760426515150556
234,0,15040,89.29999999999998,51.70104447687687
235,0,15104,87.88,48.300679084253055
236,0,15168,83.07000000000001,48.45734309678978
237,0,15232,82.49,48.74998358974083
238,0,15296,86.61,55.16891244170036
239,0,15360,84.17999999999998,51.560465475012926
240,0,15424,83.38,51.103831558895855
241,0,15488,86.28,47.92230795777683
242,0,15552,87.75,49.21189388755527
243,0,15616,88.76,51.97253505458436
244,0,15680,91.84,49.961829430075916
245,0,15744,84.92,50.57317075288042
246,0,15808,93.52,49.81168136090169
247,0,15872,94.14999999999999,48.42107495708868
248,0,15936,90.96000000000001,49.71205487605597
249,0,16000,98.53,50.61051372985657
250,0,16064,90.47999999999999,50.68166927006252
251,0,16128,94.00000000000001,49.240410233871934
252,0,16192,91.63,47.32847029009071
253,0,16256,97.75,50.55743763285477
254,0,16320,92.3,50.18894300540708
255,0,16384,100.21000000000001,54.806303469582765
256,0,16448,101.67,58.292538973697134
257,0,16512,99.55000000000001,55.297563237451975
258,0,16576,97.64000000000001,56.621660166406286
259,0,16640,102.03,57.54391453490108
260,0,16704,96.28999999999999,56.30817791404726
261,0,16768,104.72999999999999,57.56023019411927
262,0,16832,102.35,56.243741874096536
263,0,16896,103.62,54.334092428235145
264,0,16960,105.21,56.9911124650151
265,0,17024,105.08,57.68548864315877
266,0,17088,105.05,58.36747810210751
267,0,17152,106.76999999999998,57.19
268,0,17216,109.7,53.4185548288233
269,0,17280,110.00999999999999,59.21419508867785
270,0,17344,109.47999999999999,58.79234303886858
271,0,17408,108.98999999999998,59.76339096805
272,0,17472,112.4,57.31498931344226
273,0,17536,117.6,57.801176458615444
274,0,17600,118.05999999999999,59.39464959068283
275,0,17664,113.83,60.17094066075418
276,0,17728,115.14000000000001,57.71525275003133
277,0,17792,113.36000000000001,59.90370940100454
278,0,17856,117.06999999999998,60.76423372346598
279,0,17920,114.98999999999998,58.61241250793214
280,0,17984,116.42,58.51807925761064
281,0,18048,113.52000000000001,56.71350456460966
282,0,18112,115.51000000000002,56.16471223107976
283,0,18176,115.41,55.32775885574979
284,0,18240,119.15,54.27849021481715
285,0,18304,112.30999999999999,53.20865437125806
286,0,18368,114.4,51.022740028344224
287,0,18432,114.52000000000001,47.899139867016395
288,0,18496,112.97,49.81405524548268
289,0,18560,118.22,50.051988971468454
290,0,18624,111.19000000000001,51.53659767582645
291,0,18688,113.60999999999999,45.27293783266114
292,0,18752,105.51000000000002,46.3274529841648
293,0,18816,107.1,44.406125703555816
294,0,18880,99.19,44.4787016447198
295,0,18944,101.72,45.32365386859273
296,0,19008,96.15,43.98157000380955
297,0,19072,108.68999999999998,43.93969617555406
298,0,19136,100.17,46.36505257195337
299,0,19200,99.67,43.68397990110333
300,0,19264,99.79,43.99321424947261
301,0,19328,101.17,45.36238640107021
302,0,19392,107.54,46.670680303591034
303,0,19456,110.57000000000001,43.792146556203434
304,0,19520,103.78000000000002,41.15239482703285
305,0,19584,104.8,42.095296649388274
306,0,19648,107.69000000000001,41.77679858486047
307,0,19712,100.05,43.2819188576477
308,0,19776,98.67,39.37969146654148
309,0,19840,102.00999999999999,46.86861316488893
310,0,19904,99.36000000000001,41.1834481315006
311,0,19968,104.8,41.96655811476561
312,0,20032,110.32000000000001,39.858720501290556
313,0,20096,107.34,41.13176874387971
314,0,20160,108.58,44.41319173398823
315,0,20224,110.05,42.16378185125239
316,0,20288,107.64000000000001,46.47500833781528
317,0,20352,108.94000000000001,43.34360852536392
318,0,20416,109.97,48.12589843317213
319,0,20480,111.17,43.41704849480213
320,0,20544,112.60999999999999,46.43357513696312
321,0,20608,99.99999999999999,44.163129418101704
322,0,20672,102.58,39.20231625809883
323,0,20736,95.53,32.900183890063595
324,0,20800,96.66,37.1901653666665
325,0,20864,92.62,32.254357845103655
326,0,20928,91.97,35.21511181297029
327,0,20992,93.37,39.22662488667614
328,0,21056,90.22999999999999,35.06208921327992
329,0,21120,90.52,33.90120351845934
330,0,21184,89.5,32.63185560154371
331,0,21248,85.02000000000001,34.61172633660448
332,0,21312,90.18999999999998,35.14898149306748
333,0,21376,81.55,38.24505850433491
334,0,21440,86.61,42.01948238615036
335,0,21504,80.00999999999999,35.96021273574449
336,0,21568,90.1,38.64057452989021
337,0,21632,90.81,40.55131193931954
338,0,21696,86.01,44.052978332911835
339,0,21760,87.97,42.552345411269634
340,0,21824,91.64,41.598923062983246
341,0,21888,92.54,42.010146393460715
342,0,21952,95.54,43.90756654609772
343,0,22016,91.05999999999999,43.37414437196428
344,0,22080,90.55,43.2440111460535
345,0,22144,98.58,40.81143957274725
346,0,22208,96.87,42.991767816641364
347,0,22272,99.06,44.29070331344943
348,0,22336,93.94,46.704522264979865
349,0,22400,91.63,43.108051452135946
350,0,22464,91.95000000000002,45.2219249921982
351,0,22528,88.46,43.0992389723995
352,0,22592,92.9,45.91888500388484
353,0,22656,92.42999999999999,43.27740865624928
354,0,22720,95.82,44.226729474380086
355,0,22784,90.74,42.938844884323565
356,0,22848,86.54,44.399554051814526
357,0,22912,98.03999999999999,47.61699696536942
358,0,22976,89.21000000000001,42.80888809581487
359,0,23040,91.56,46.19701721972967
360,0,23104,86.51,43.13134475065669
361,0,23168,91.93999999999998,45.299077253295124
362,0,23232,90.94,42.18993244839342
363,0,23296,92.67,44.358788306264636
364,0,23360,94.0,43.23704430231095
365,0,23424,88.16,43.87339056877186
366,0,23488,93.53999999999999,47.117432018309316
367,0,23552,90.16,41.17118409761857
368,0,23616,94.22,44.48235155654431
369,0,23680,90.02,44.56785388595686
370,0,23744,92.11,49.57948063463351
371,0,23808,96.72,46.72782468722463
372,0,23872,93.78999999999999,44.12823245950375
373,0,23936,89.86999999999999,44.802590326899626
374,0,24000,89.7,42.87103917564864
375,0,24064,90.39999999999999,41.012095776733965
376,0,24128,90.38000000000001,42.06399410422172
377,0,24192,98.77000000000001,45.4436145129324
378,0,24256,97.97,44.54885071469297
379,0,24320,98.04,40.15455640397488
380,0,24384,98.07,42.294208823431134
381,0,24448,93.58000000000001,43.030008133859326
382,0,24512,100.20000000000002,41.922953140254805
383,0,24576,94.17999999999999,41.019575814481556
384,0,24640,96.01,42.48885618606366
385,0,24704,97.97,40.05039450492342
386,0,24768,94.10000000000001,39.96611064389428
387,0,24832,99.03,41.6346982695924
388,0,24896,97.38,40.81908377217695
389,0,24960,98.97999999999999,40.3952918048626
390,0,25024,98.36,42.016453919863345
391,0,25088,102.19,38.88468721746389
392,0,25152,96.08,41.449723762650095
393,0,25216,94.49,38.90312198268926
394,0,25280,96.68999999999998,40.43640562661325
395,0,25344,92.43,45.07795580990779
396,0,25408,93.48,42.601661939412644
397,0,25472,94.10999999999999,44.57516012309995
398,0,25536,88.78,42.327645812163944
399,0,25600,88.18,43.165259179113015
400,0,25664,92.1,42.38575232315689
401,0,25728,94.05999999999999,42.4229937651741
402,0,25792,88.63,41.21703652617447
403,0,25856,95.06,39.397314629299295
404,0,25920,95.1,39.342369018654686
405,0,25984,95.88,43.38460095471664
406,0,26048,100.18,38.005231218873014
407,0,26112,91.08000000000001,39.40641572130102
408,0,26176,101.34,43.44797348553785
409,0,26240,102.1,40.047546741342344
410,0,26304,99.55,41.70897385455557
411,0,26368,98.64000000000001,41.43018706209278
412,0,26432,101.16,37.76723977205642
413,0,26496,105.03,42.169516241000444
414,0,26560,101.27000000000001,41.21043678487283
415,0,26624,100.44,39.94827155209597
416,0,26688,100.71000000000001,39.52294143911862
417,0,26752,104.05,44.39779836883807
418,0,26816,102.02000000000001,40.02855980421979
419,0,26880,105.4,37.084794727758705
420,0,26944,103.72999999999999,43.15697046828009
421,0,27008,102.23,44.18393486325092
422,0,27072,98.78,41.49182570097392
423,0,27136,102.0,43.18224172041095
424,0,27200,105.16999999999999,39.00161663316022
425,0,27264,100.72999999999999,41.00724448192051
426,0,27328,105.35,42.93968444224993
427,0,27392,101.66000000000001,44.12822679419603
428,0,27456,100.92,42.419636962142896
429,0,27520,103.85999999999999,41.52021676243995
430,0,27584,102.17,38.588937533961726
431,0,27648,98.01000000000002,42.40651954593775
432,0,27712,103.16999999999999,38.65739385938995
433,0,27776,101.53,45.62532301255521
434,0,27840,111.02000000000001,39.21134529699281
435,0,27904,105.53,36.9257917992289
436,0,27968,102.23999999999998,37.24640116843506
437,0,28032,100.96000000000001,40.868599193023485
438,0,28096,102.21000000000001,39.492896829683175
439,0,28160,110.81000000000002,42.14250704455064
440,0,28224,100.5,40.54121359801652
441,0,28288,103.03999999999999,38.77409444461598
442,0,28352,105.92,39.713091040612795
443,0,28416,101.41,38.48109795730886
444,0,28480,103.84,39.67717731895756
445,0,28544,98.24,41.26834622322538
446,0,28608,106.72999999999999,41.86939335600649
447,0,28672,108.64999999999998,42.049001177198015
448,0,28736,105.39000000000001,38.871003331532364
449,0,28800,112.08,41.40569526043489
450,0,28864,102.89000000000001,43.36785560758106
451,0,28928,102.5,39.23037088787207
452,0,28992,104.22999999999999,41.46825412288297
453,0,29056,107.54,37.741202948501794
454,0,29120,109.35,40.26033407710373
455,0,29184,108.58,41.23830258388431
456,0,29248,105.47999999999999,42.649168807844305
457,0,29312,110.8,43.803629986566186
458,0,29376,113.73000000000002,46.13077172560632
459,0,29440,116.21999999999998,43.26991564586184
460,0,29504,112.77000000000001,45.21448993409082
461,0,29568,118.4,45.322091743431265
462,0,29632,111.91999999999999,47.819196981965305
463,0,29696,117.35,44.107918790167375
464,0,29760,114.10999999999999,48.11553699170362
465,0,29824,114.83000000000001,52.89669271325004
466,0,29888,118.69000000000001,49.65640844845708
467,0,29952,112.58,51.02975210600185
468,0,30016,117.02000000000001,48.49317065319611
469,0,30080,111.55,50.72997634535226
470,0,30144,119.60999999999999,46.38962060633823
471,0,30208,112.14000000000001,49.3661868083813
472,0,30272,118.42,50.60128061620575
473,0,30336,110.53000000000002,49.0989623108269
474,0,30400,110.38999999999999,51.36205700709425
475,0,30464,114.67999999999999,50.44626448013768
476,0,30528,109.15,49.91114604975526
477,0,30592,116.98000000000002,51.98826406026652
478,0,30656,110.4,49.182618881064066
479,0,30720,114.81999999999998,45.63971516124964
480,0,30784,111.14000000000001,47.86395721208183
481,0,30848,109.30999999999999,43.75772960289416
482,0,30912,113.25999999999999,52.26779505584677
483,0,30976,101.92,42.93641345058994
484,0,31040,108.54,45.154251184135475
485,0,31104,102.19,47.32383014930216
486,0,31168,97.58,47.062018656237
487,0,31232,101.31,44.88936288253599
488,0,31296,100.09,49.2956275951529
489,0,31360,93.93,46.42240945922561
490,0,31424,94.12999999999998,44.27812213723613
491,0,31488,93.78999999999999,45.59461481359394
492,0,31552,94.50999999999999,43.88066658563883
493,0,31616,96.69,44.89800552363101
494,0,31680,99.47999999999999,44.34604379197766
495,0,31744,92.22,44.641881680771476
496,0,31808,100.28999999999999,45.70281063567098
497,0,31872,100.8,49.75576348524862
498,0,31936,106.67,44.978462623793625
499,0,32000,100.60999999999999,43.503573416444766
500,0,32064,97.41,41.07306781821879
501,0,32128,100.0,46.205475865962036
502,0,32192,98.58000000000001,45.344035991517124
503,0,32256,97.79,44.36021753778942
504,0,32320,94.95,42.002410645104646
505,0,32384,99.4,41.36348631341416
506,0,32448,100.41999999999999,40.63702252872373
507,0,32512,102.16,41.81184521161437
508,0,32576,104.95,45.986503454818134
509,0,32640,99.27000000000001,39.294275664529046
510,0,32704,101.25999999999999,44.82403819380847
511,0,32768,102.35999999999999,42.14193161211289
512,0,32832,108.4,37.11859372336188
513,0,32896,102.49000000000001,38.80075901319457
514,0,32960,111.14000000000001,41.180607086345866
515,0,33024,101.78,39.651930596126086
516,0,33088,106.76000000000002,41.00337059315978
517,0,33152,104.03,43.22652079453076
518,0,33216,113.7,46.746422322997084
519,0,33280,102.45,42.78748064562811
520,0,33344,106.09,40.69283597883047
521,0,33408,111.06999999999998,43.34171316411015
522,0,33472,107.71,45.48383119307343
523,0,33536,104.08,42.284058461789115
524,0,33600,103.75,41.171136734367686
525,0,33664,104.79,45.369691425003104
526,0,33728,108.80999999999999,41.22611914793824
527,0,33792,104.81000000000002,42.0177212613916
528,0,33856,107.35999999999999,41.6086337194578
529,0,33920,110.35,44.05263329246051
530,0,33984,107.98999999999998,45.764406474901435
531,0,34048,101.22,45.06985245150022
532,0,34112,112.1,48.30252581387437
533,0,34176,117.15,41.14589286915524
534,0,34240,113.37,46.85452059300148
535,0,34304,106.72999999999999,50.353987925486095
536,0,34368,112.44999999999997,41.62973096237832
537,0,34432,106.67999999999999,44.06133906272028
538,0,34496,104.12,41.502332464573605
539,0,34560,113.6,42.351930298393725
540,0,34624,111.85,45.80304029210288
541,0,34688,108.36000000000001,44.04613944490481
542,0,34752,112.96,47.09936729935977
543,0,34816,113.72,46.94048998466037
544,0,34880,118.14000000000001,46.9957274653771
545,0,34944,109.89000000000001,43.75265591938391
546,0,35008,112.66,46.85095943521328
547,0,35072,110.85999999999999,47.00574858461463
548,0,35136,114.05999999999999,44.700787465099545
549,0,35200,119.87,42.183362834179064
550,0,35264,109.33,46.768045714996475
551,0,35328,108.71,43.99878293771317
552,0,35392,105.05,47.8993580332764
553,0,35456,112.1,40.79446040824661
554,0,35520,111.02000000000001,47.44712425426856
555,0,35584,107.67,43.9593687397806
556,0,35648,110.08999999999999,46.57845961386013
557,0,35712,111.12,46.023381014436566
558,0,35776,109.97999999999999,49.74832258478672
559,0,35840,113.58000000000001,49.29234829058157
560,0,35904,111.10999999999999,50.82907534079289
561,0,35968,110.27000000000001,50.74126624356156
562,0,36032,107.87,52.11040299210897
563,0,36096,110.9,50.13645380359484
564,0,36160,112.42,49.87076899346951
565,0,36224,114.56999999999998,51.012822897777376
566,0,36288,109.27000000000001,49.37859961562296
567,0,36352,113.34,52.987247522399194
568,0,36416,112.22999999999999,53.54261947271537
569,0,36480,110.05,54.654684154242446
570,0,36544,108.92,54.31019793740399
571,0,36608,111.77000000000001,58.9020042103832
572,0,36672,113.33999999999999,59.308198421466145
573,0,36736,109.6,59.72496965256659
574,0,36800,108.49000000000001,58.22843721069629
575,0,36864,109.05999999999999,56.3766653856008
576,0,36928,107.33,56.413421275437635
577,0,36992,105.27000000000001,57.63767951609433
578,0,37056,111.17,56.76868943352489
579,0,37120,108.29,57.48464925525771
580,0,37184,102.38,55.66177862770826
581,0,37248,103.24000000000001,52.398152639191395
582,0,37312,105.85,53.60560138642229
583,0,37376,105.77000000000001,52.857375076709964
584,0,37440,105.7,51.36561106421299
585,0,37504,105.1,51.92016949124877
586,0,37568,111.41,52.29618437324085
587,0,37632,108.99000000000001,53.36479082691133
588,0,37696,102.52000000000001,51.68095974341034
589,0,37760,112.75999999999999,45.78550425625997
590,0,37824,99.53,48.40301746792239
591,0,37888,106.32000000000001,46.60973718012149
592,0,37952,98.41999999999999,48.42575347890831
593,0,38016,109.71,46.25227453866458
594,0,38080,102.22,47.37667780670148
595,0,38144,103.17,46.72791563936915
596,0,38208,103.64000000000001,47.8242867171064
597,0,38272,96.9,45.71481160411798
598,0,38336,102.4,47.735353774744354
599,0,38400,100.38000000000001,45.14874970583349
600,0,38464,106.04,43.75767818337714
601,0,38528,100.01,47.236753698788405
602,0,38592,99.72,47.454500313458155
603,0,38656,103.85999999999999,45.45455312727208
604,0,38720,98.22999999999999,44.00577348485082
605,0,38784,104.74000000000001,42.926523269419334
606,0,38848,103.56000000000002,41.810434104419436
607,0,38912,103.17,43.09371299853379
608,0,38976,103.05999999999999,41.33652622076509
609,0,39040,105.6,41.40376794447578
610,0,39104,110.16000000000001,37.66563951401861
611,0,39168,108.87,40.17108537244171
612,0,39232,107.63,43.570817068308465
613,0,39296,105.45,43.02853123219522
614,0,39360,105.37,44.37420534499745
615,0,39424,114.03999999999999,39.89855135214811
616,0,39488,106.59,40.880397502959774
617,0,39552,112.84,42.93052992917744
618,0,39616,109.5,46.01897434754495
619,0,39680,118.7,47.699371065036075
620,0,39744,111.57000000000001,45.283927612343874
621,0,39808,112.46000000000001,43.113134889497424
622,0,39872,112.92,44.10788591623951
623,0,39936,113.42999999999999,47.65213636344125
624,0,40000,110.71,39.56163419273779
625,0,40064,113.01999999999998,38.612039573169405
626,0,40128,113.79,45.34352103663763
627,0,40192,103.78,40.96109861807908
628,0,40256,112.49000000000001,43.166803217287246
629,0,40320,105.84,38.54198230501384
630,0,40384,109.7,39.201454054664865
631,0,40448,103.92999999999999,39.57451326295752
632,0,40512,100.03,42.72704178854418
633,0,40576,105.04,43.39286116402098
634,0,40640,105.83000000000001,51.70934248276611
635,0,40704,105.1,49.56995057491988
636,0,40768,111.47,47.24235493706892
637,0,40832,110.91,47.50584069353999
638,0,40896,104.98999999999998,47.191364676177784
639,0,40960,109.42,49.87616264309034
640,0,41024,106.39000000000001,48.702432177459066
641,0,41088,106.80999999999999,46.94144117940991
642,0,41152,101.7,47.50814666980812
643,0,41216,101.46000000000001,46.53427124174182
644,0,41280,101.69000000000001,47.33583103738647
645,0,41344,105.05999999999999,43.64976975884294
646,0,41408,109.63,46.902602273221476
647,0,41472,106.30999999999999,47.84093331029403
648,0,41536,112.01999999999998,48.293266611402466
649,0,41600,105.76000000000002,50.83249354497574
650,0,41664,115.8,46.07997395832598
651,0,41728,107.71,50.356855541226956
652,0,41792,105.0,50.95715847650848
653,0,41856,106.36000000000001,50.75620553193472
654,0,41920,109.44000000000001,50.69978698180102
655,0,41984,107.65,50.245303263091174
656,0,42048,114.22999999999999,47.87634175665472
657,0,42112,109.05999999999999,48.405169145453876
658,0,42176,109.60999999999999,51.849290255508805
659,0,42240,109.6,52.17915292528234
660,0,42304,111.32000000000001,49.71065881679702
661,0,42368,113.57000000000001,48.81415880664134
662,0,42432,112.91000000000001,50.10914986307392
663,0,42496,112.52000000000001,50.57916171705498
664,0,42560,114.4,51.285904496264855
665,0,42624,114.55,49.391725015431476
666,0,42688,112.86000000000001,53.18344103196031
667,0,42752,113.73000000000002,54.01803495130122
668,0,42816,112.72999999999999,51.244083560934136
669,0,42880,111.97999999999999,52.775937698917296
670,0,42944,112.19000000000001,52.776859512479525
671,0,43008,108.36000000000001,52.647377902417894
672,0,43072,112.22,51.34403178559315
673,0,43136,115.64000000000001,49.34543950559159
674,0,43200,113.68000000000002,50.670796322931416
675,0,43264,114.45,52.43714809178699
676,0,43328,117.77000000000001,52.29822272314806
677,0,43392,120.48000000000002,49.49662210696807
678,0,43456,117.47999999999999,51.748310117336196
679,0,43520,109.71,52.22996170781671
680,0,43584,120.10999999999999,49.006478143200624
681,0,43648,112.41000000000001,54.743263512509
682,0,43712,111.63000000000002,51.67090186942744
683,0,43776,111.75,50.15927132644572
684,0,43840,112.39000000000001,50.09881136314513
685,0,43904,109.50999999999999,50.64795060019704
686,0,43968,114.83999999999999,50.73511998606094
687,0,44032,119.40000000000002,52.92558927399864
688,0,44096,112.1,53.5351286539969
689,0,44160,110.7,51.97751436919623
690,0,44224,111.1,52.080745002351875
691,0,44288,112.94000000000001,46.905014657283715
692,0,44352,111.58,48.40303296282166
693,0,44416,112.85,52.33630193278849
694,0,44480,113.04,44.307565945332634
695,0,44544,112.86000000000001,48.23795600976475
696,0,44608,109.58,45.87334302184658
697,0,44672,112.47,46.904435824343956
698,0,44736,111.81000000000002,42.545139557886046
699,0,44800,113.01000000000002,48.90919034292022
700,0,44864,112.84,47.595298087101
701,0,44928,112.97999999999999,48.706422574440836
702,0,44992,106.55,49.655598878676315
703,0,45056,114.33,42.692061322920445
704,0,45120,113.21,44.7133190447768
705,0,45184,112.32000000000001,46.03559057946363
706,0,45248,110.17,45.61605090316346
707,0,45312,111.42999999999999,45.300221853761386
708,0,45376,111.72999999999999,45.74326289192759
709,0,45440,117.30999999999999,51.31394449854737
710,0,45504,117.31999999999998,49.80421267322675
711,0,45568,116.09,51.19051572312981
712,0,45632,116.29,51.87813508598782
713,0,45696,122.39999999999998,50.89491133698928
714,0,45760,119.01999999999998,59.021128420253035
715,0,45824,119.31999999999998,52.161035265799704
716,0,45888,119.60999999999999,57.02307340015969
717,0,45952,119.50999999999999,51.6458604343078
718,0,46016,118.88,52.93333165407218
719,0,46080,116.98000000000002,53.32753135107607
720,0,46144,117.65,53.66833796569445
721,0,46208,118.80999999999999,53.64795336264003
722,0,46272,117.05999999999999,55.349673892444926
723,0,46336,115.25,53.84519012873852
724,0,46400,118.69000000000001,51.64400158779333
725,0,46464,115.47999999999999,56.514419398946316
726,0,46528,116.84,53.915864084701454
727,0,46592,116.94000000000001,57.46787276383215
728,0,46656,114.65,52.005369915038585
729,0,46720,113.92,57.28945452698952
730,0,46784,115.49000000000001,55.91335171495267
731,0,46848,119.61999999999998,56.209123814555234
732,0,46912,115.98999999999998,55.77751249383572
733,0,46976,110.89000000000001,56.11503274524573
734,0,47040,121.73999999999998,56.613712119944935
735,0,47104,114.28,59.32779786912708
736,0,47168,115.67999999999999,56.40070566934425
737,0,47232,114.19000000000001,58.08467009461275
738,0,47296,115.39999999999998,56.19738428076524
739,0,47360,108.75,56.85311337121302
740,0,47424,117.71999999999998,51.269421685835304
741,0,47488,117.65,54.714993374759715
742,0,47552,114.66,52.79110152288926
743,0,47616,118.81999999999998,54.840838797378
744,0,47680,119.83999999999999,52.77937475946451
745,0,47744,116.48999999999998,53.63169678464406
746,0,47808,118.47999999999999,54.4671791081565
747,0,47872,111.05,59.790856324357826
748,0,47936,114.58999999999999,54.85762390042063
749,0,48000,113.98000000000002,52.52400974792385
750,0,48064,117.87,50.78336440213468
751,0,48128,113.66999999999999,51.974379265172566
752,0,48192,118.56000000000002,57.43243334562798
753,0,48256,118.05999999999999,54.074137995903364
754,0,48320,117.16,54.54132744992553
755,0,48384,115.08999999999999,57.261740280924045
756,0,48448,118.35999999999999,55.89603205952995
757,0,48512,123.09,55.10095189740373
758,0,48576,116.25,59.68253094499261
759,0,48640,119.09,55.58133589614413
760,0,48704,116.75999999999999,58.078174902453675
761,0,48768,114.69000000000001,57.231904563800775
762,0,48832,120.92999999999999,55.260022620335576
763,0,48896,122.25,56.38337077543343
764,0,48960,122.35,54.657574955352715
765,0,49024,116.58,57.840345780432536
766,0,49088,118.17999999999999,53.25153143337758
767,0,49152,118.47,58.23225995957911
768,0,49216,120.35999999999999,53.256045666196435
769,0,49280,120.60999999999999,54.24655657274478
770,0,49344,118.33999999999999,54.198361598852784
771,0,49408,116.47,54.148537376368715
772,0,49472,122.0,54.02440189395899
773,0,49536,116.63000000000002,55.125294557036156
774,0,49600,116.55,56.88026459150836
775,0,49664,116.23999999999998,55.736347207186085
776,0,49728,117.25,52.02176948163144
777,0,49792,117.13999999999999,56.7210578180626
778,0,49856,118.92999999999999,55.90184344008701
779,0,49920,112.14000000000001,58.91263361962356
780,0,49984,117.86999999999998,57.736592382994
781,0,50048,118.98000000000002,56.37452970979004
782,0,50112,122.80000000000003,55.9246278485606
783,0,50176,126.65,56.169836211262
784,0,50240,118.1,57.147073415880186
785,0,50304,124.10999999999999,54.80522694050267
786,0,50368,121.01000000000002,55.890221863936084
787,0,50432,122.30999999999999,60.37283246626748
788,0,50496,116.54999999999998,57.68799268478667
789,0,50560,120.08,56.874999780219774
790,0,50624,120.84,58.22309163897087
791,0,50688,121.50999999999999,57.37972551345989
792,0,50752,115.67999999999999,54.66113427289997
793,0,50816,119.91999999999999,52.1908574369113
794,0,50880,120.87,51.6602758413077
795,0,50944,113.72,58.25658417724129
796,0,51008,121.3,56.677843995692
797,0,51072,116.08000000000001,55.69055216102638
798,0,51136,118.50000000000003,50.60106718242215
799,0,51200,117.13999999999999,55.14655383611926
800,0,51264,116.46000000000001,55.87402258652942
801,0,51328,122.03000000000002,57.79868597122256
802,0,51392,118.75,55.146681677141736
803,0,51456,117.87,58.162858423567876
804,0,51520,112.92999999999999,57.50622661938444
805,0,51584,119.30999999999999,57.635760600516065
806,0,51648,114.97,55.342642690785915
807,0,51712,116.62,53.76995071599006
808,0,51776,115.97999999999999,58.55226383326267
809,0,51840,107.28,56.16699742731492
810,0,51904,114.21999999999998,52.50778608930298
811,0,51968,109.35,53.975795501317066
812,0,52032,113.52000000000001,54.39834188649504
813,0,52096,114.73999999999998,57.06918958597537
814,0,52160,109.46000000000001,54.89386486666793
815,0,52224,120.06999999999998,57.01613894328517
816,0,52288,110.6,55.17642612565623
817,0,52352,113.67,54.51493465097432
818,0,52416,113.59,51.46259709730942
819,0,52480,109.2,50.93236691927836
820,0,52544,110.56000000000002,53.116648990688404
821,0,52608,111.36000000000001,56.15357869272447
822,0,52672,112.99000000000001,53.456158672317635
823,0,52736,112.96,50.43665730398873
824,0,52800,111.05,53.191564180798444
825,0,52864,106.56000000000002,51.03663782029533
826,0,52928,109.30999999999999,51.10695549531393
827,0,52992,112.5,52.83178967250684
828,0,53056,110.87,47.828089027265136
829,0,53120,108.4,48.90952872396135
830,0,53184,106.55999999999999,47.76415392320898
831,0,53248,111.95,45.197970087162105
832,0,53312,113.21000000000001,48.8811712216473
833,0,53376,113.88999999999999,52.194088745757405
834,0,53440,115.35,54.96024472289038
835,0,53504,115.12,54.09883178036288
836,0,53568,113.41,49.51697587696567
837,0,53632,112.63999999999999,48.331401800485786
838,0,53696,111.67999999999999,45.76950513169221
839,0,53760,107.56999999999998,50.618219052036984
840,0,53824,113.84,49.964011047953306
841,0,53888,108.68999999999998,48.0195887112749
842,0,53952,115.29,55.12421337307227
843,0,54016,112.13,49.49519269585684
844,0,54080,114.64000000000001,49.0461048402419
845,0,54144,111.50999999999999,47.61801024822436
846,0,54208,112.85999999999999,47.79531776230806
847,0,54272,110.71000000000001,48.67435567113344
848,0,54336,113.9,52.22342386324359
849,0,54400,112.71,51.91846396032918
850,0,54464,113.09,50.92473760364407
851,0,54528,114.83999999999999,48.45571586510719
852,0,54592,113.85999999999999,47.43842746128923
853,0,54656,116.33,47.51050515412354
854,0,54720,118.29,50.58073645173624
855,0,54784,117.57000000000001,53.308968288647264
856,0,54848,117.91,45.97815677036216
857,0,54912,111.9,49.324010380341136
858,0,54976,116.9,50.54684955563502
859,0,55040,116.16000000000001,50.56471497002628
860,0,55104,115.63999999999999,49.70352502589731
861,0,55168,120.21,49.68511749004927
862,0,55232,120.45,45.9943963978222
863,0,55296,119.27000000000001,49.60739964964905
864,0,55360,117.05,54.087526288415155
865,0,55424,118.02000000000001,51.21391998275469
866,0,55488,119.15,50.14678952834369
867,0,55552,118.69000000000001,51.353664913032254
868,0,55616,114.82000000000001,50.06952765904628
869,0,55680,123.58,52.04791638480834
870,0,55744,119.39000000000001,54.54118535565577
871,0,55808,120.88000000000002,54.033985601656305
872,0,55872,119.24000000000001,49.221056469767085
873,0,55936,124.37,53.043247449604735
874,0,56000,119.05999999999999,46.0344479710575
875,0,56064,121.6,52.23045088834673
876,0,56128,118.21,50.11880784695502
877,0,56192,118.72,47.447398242685544
878,0,56256,125.38,49.89717026044663
879,0,56320,117.97,49.45135084100332
880,0,56384,122.79,48.66159574037827
881,0,56448,118.42999999999999,47.81075297461859
882,0,56512,118.91999999999999,49.73684348649399
883,0,56576,121.63000000000002,49.6688443594171
884,0,56640,124.97,48.19300882908226
885,0,56704,119.83,51.835915155420956
886,0,56768,126.68999999999998,53.63835288298849
887,0,56832,127.73999999999998,52.15655663480863
888,0,56896,124.77000000000002,48.146984329239146
889,0,56960,124.24000000000001,54.3357193750115
890,0,57024,124.63000000000002,52.63909288732092
891,0,57088,125.42999999999999,55.565799733289175
892,0,57152,125.45,52.300023900568156
893,0,57216,127.93999999999998,54.81470970460393
894,0,57280,119.87,53.354944475652864
895,0,57344,123.06000000000002,52.55289145232639
896,0,57408,128.53,49.10376869446988
897,0,57472,120.25,54.30435065443652
898,0,57536,118.6,52.821151066594524
899,0,57600,122.83,55.962863579341615
900,0,57664,124.96,51.99765763955141
901,0,57728,127.1,54.26149647770507
902,0,57792,132.76,53.42967714669442
903,0,57856,129.45,55.26860320290355
904,0,57920,131.55,56.65063547745956
905,0,57984,128.81,56.01564870641061
906,0,58048,135.05999999999997,58.557701457622116
907,0,58112,128.36,59.01840729806253
908,0,58176,131.75000000000003,53.5784518253374
909,0,58240,131.04000000000002,54.86020780128344
910,0,58304,127.2,53.93225380048566
911,0,58368,131.73999999999998,52.68795308227488
912,0,58432,129.3,56.70901162954615
913,0,58496,128.47,54.56015120946789
914,0,58560,130.74,58.498276897700165
915,0,58624,136.52,58.68123720577131
916,0,58688,135.94,54.98049108547504
917,0,58752,134.19,55.93041122680934
918,0,58816,134.07999999999998,56.72313108424111
919,0,58880,137.21,56.64680838317372
920,0,58944,137.41000000000003,55.56800248344366
921,0,59008,136.76,57.26556033079569
922,0,59072,135.02,55.76148850237052
923,0,59136,134.21,57.29262517986062
924,0,59200,137.2,57.88859991397269
925,0,59264,139.48,60.2055279853935
926,0,59328,137.47,56.41584972328255
927,0,59392,139.49,58.39884331046293
928,0,59456,134.54,57.68273918599914
929,0,59520,136.62,57.44207168965967
930,0,59584,136.6,59.22394785895314
931,0,59648,138.97,55.14495534498146
932,0,59712,135.84999999999997,54.51196657615647
933,0,59776,141.63,57.2160650516968
934,0,59840,134.35,56.92892498545885
935,0,59904,138.85999999999999,52.603482774432344
936,0,59968,137.10999999999999,58.358417559080536
937,0,60032,137.57,50.46258118645934
938,0,60096,141.41,51.42928057050769
939,0,60160,133.52,54.02493498376467
940,0,60224,133.85999999999999,50.4741953873462
941,0,60288,135.91,52.96605422343635
942,0,60352,137.01,54.42932022357068
943,0,60416,137.10000000000002,51.9424296697796
944,0,60480,134.75,53.182539427898696
945,0,60544,140.28,52.660227876453405
946,0,60608,137.76,50.80773956790442
947,0,60672,137.98,52.467872074251304
948,0,60736,137.52,54.82048522222327
949,0,60800,139.71,48.51147183914337
950,0,60864,140.73000000000002,51.934844757638395
951,0,60928,132.78000000000003,53.52232805101064
952,0,60992,139.54000000000002,51.74424025918247
953,0,61056,141.89999999999998,50.56526475753885
954,0,61120,137.36999999999998,52.95265904560412
955,0,61184,133.92000000000002,51.57617279325793
956,0,61248,135.48,53.537515818349284
957,0,61312,135.05,49.06585880222622
958,0,61376,129.79000000000002,55.672478838291354
959,0,61440,134.69,51.72853081230899
960,0,61504,132.68,52.72462043485946
961,0,61568,130.28,52.445072218464915
962,0,61632,134.1,49.895631071267154
963,0,61696,133.37,50.711991678497505
964,0,61760,136.70999999999998,55.922257643982874
965,0,61824,138.51999999999998,53.18700593190032
966,0,61888,136.23,49.98755945232774
967,0,61952,132.22,49.36565202648497
968,0,62016,135.46,53.25443080157744
969,0,62080,140.32,45.90171674349446
970,0,62144,132.74,47.50987686786822
971,0,62208,134.73,50.638405385635906
972,0,62272,136.27,51.833059913533944
973,0,62336,132.55,50.72163739470563
974,0,62400,135.76,52.70537354008602
975,0,62464,131.73,46.8737890510251
976,0,62528,133.84,51.94289556811403
977,0,62592,134.17000000000002,50.72934160818569
978,0,62656,133.45,52.084301857661494
979,0,62720,137.60999999999999,50.03805451853619
980,0,62784,140.84,50.40276182909028
981,0,62848,139.7,54.72708652943257
982,0,62912,134.17000000000002,50.956492226211964
983,0,62976,137.68,51.47851590712382
984,0,63040,138.7,51.69290086656
985,0,63104,135.9,52.80249994081719
986,0,63168,140.95,52.92370451886376
987,0,63232,136.84999999999997,51.82108161742671
988,0,63296,141.15,53.41822254624353
989,0,63360,143.15,49.842155852250215
990,0,63424,137.28,53.46110361748998
991,0,63488,140.49999999999997,52.631606473677
992,0,63552,134.68,52.5670391024642
993,0,63616,141.17000000000002,51.42083332658078
994,0,63680,140.58,51.9714306133668
995,0,63744,137.01000000000002,51.852318173829026
996,0,63808,140.42000000000002,50.693703751057676
997,0,63872,139.74,53.54465799685343
998,0,63936,135.99,57.10168911687289
999,0,64000,136.01,52.634768927012495
1000,0,64064,138.35,51.21724807132847
1001,0,64128,136.85999999999999,51.992176334521716
1002,0,64192,136.84,53.38533881132534
1003,0,64256,137.60999999999999,49.92521306914974
1004,0,64320,136.62,54.495592482328334
1005,0,64384,138.51000000000002,51.52124707341622
1006,0,64448,140.48999999999998,50.32060114903239
1007,0,64512,133.56,49.216058354971906
1008,0,64576,138.60999999999999,51.30026218256589
1009,0,64640,134.25000000000003,52.596715676931765
1010,0,64704,136.46999999999997,45.98919547024062
1011,0,64768,135.51,48.200756218134174
1012,0,64832,136.85,45.7720056366334
1013,0,64896,138.64000000000001,44.255399670548684
1014,0,64960,136.56,49.80536517284057
1015,0,65024,133.29999999999998,52.5605555526195
1016,0,65088,137.39,53.127440179252
1017,0,65152,129.22,54.39222003191264
1018,0,65216,135.98,47.50841609651915
1019,0,65280,132.20999999999998,52.476460437037865
1020,0,65344,131.54,46.86724229139154
1021,0,65408,132.02,49.14388670017868
1022,0,65472,132.54999999999998,54.50893963378851
1023,0,65536,129.14000000000001,54.40178673536376
1024,0,65600,128.26,49.521514516420034
1025,0,65664,128.59,52.89010209859686
1026,0,65728,130.18,52.166575505777644
1027,0,65792,129.13,51.778490708015035
1028,0,65856,123.54,53.129581214235074
1029,0,65920,132.42,49.367535891514784
1030,0,65984,124.43999999999998,52.93823193118561
1031,0,66048,122.66,55.76431116762763
1032,0,66112,124.17999999999999,53.526830655289125
1033,0,66176,124.41999999999999,52.66833583852826
1034,0,66240,125.03999999999999,53.4635988313544
1035,0,66304,129.5,51.24000390320048
1036,0,66368,121.07000000000001,50.35555679366479
1037,0,66432,124.41000000000001,52.20349509371954
1038,0,66496,126.11000000000001,54.49531080744471
1039,0,66560,129.84,52.35880441721335
1040,0,66624,125.01999999999998,53.2045073278571
1041,0,66688,128.57,54.04179956293092
1042,0,66752,130.62,51.36833265738728
1043,0,66816,131.32999999999998,50.417497954579225
1044,0,66880,127.35999999999999,53.34334447707605
1045,0,66944,129.79,56.358042017089275
1046,0,67008,132.43,55.33301094283593
1047,0,67072,132.26,56.214965978820985
1048,0,67136,130.04000000000002,54.795222419477405
1049,0,67200,131.81,53.4186194130848
1050,0,67264,132.28,52.277448292739
1051,0,67328,131.78000000000003,55.15831396988128
1052,0,67392,134.53,56.215408030183326
1053,0,67456,133.31,53.45284744520165
1054,0,67520,136.64,56.085741503522975
1055,0,67584,137.3,51.596414604117605
1056,0,67648,135.96,54.1491126427756
1057,0,67712,137.55,54.19112934789236
1058,0,67776,138.91000000000003,51.549247327191885
1059,0,67840,135.8,52.1085213760667
1060,0,67904,137.74,53.79033742225456
1061,0,67968,138.85999999999999,50.60452944154308
1062,0,68032,133.44,54.93805966722888
1063,0,68096,133.95999999999998,57.42868969426344
1064,0,68160,136.92,51.29358244459047
1065,0,68224,138.87,54.78717094357036
1066,0,68288,135.69,52.64151308615663
1067,0,68352,137.85999999999999,51.44959086329064
1068,0,68416,134.14999999999998,51.69834136604384
1069,0,68480,133.0,53.01992078455041
1070,0,68544,131.49,54.974729649176076
1071,0,68608,128.37,55.144774004433096
1072,0,68672,131.51000000000002,54.016172578219575
1073,0,68736,129.32,53.42276293865752
1074,0,68800,126.1,52.83907644915835
1075,0,68864,126.56999999999998,53.220842721625516
1076,0,68928,125.97999999999999,56.36338882643591
1077,0,68992,132.24,51.15164122489131
1078,0,69056,127.64999999999998,52.61555378402854
1079,0,69120,126.80000000000003,56.17109576997764
1080,0,69184,124.97999999999999,53.31119582226608
1081,0,69248,127.51000000000002,54.66356098901717
1082,0,69312,126.97999999999999,52.126304300228306
1083,0,69376,123.56000000000002,53.530761249957955
1084,0,69440,128.95,52.636247016670936
1085,0,69504,127.09,53.11247405271195
1086,0,69568,122.05999999999999,54.24150071670215
1087,0,69632,127.62,52.21528128814399
1088,0,69696,122.21,56.72908336999638
1089,0,69760,125.23999999999998,51.57877858189354
1090,0,69824,128.68,54.49973944891847
1091,0,69888,123.15,51.639195384901186
1092,0,69952,126.41,48.337986097892
1093,0,70016,126.91,52.230057438222296
1094,0,70080,123.69000000000001,50.67327599435427
1095,0,70144,124.64000000000001,52.86617444075181
1096,0,70208,123.22,50.86418779455738
1097,0,70272,123.55,54.85927906926958
1098,0,70336,126.14999999999998,48.1349405318008
1099,0,70400,122.03999999999999,51.903298546431515
1100,0,70464,123.71000000000001,51.31279470073717
1101,0,70528,126.6,53.88972072668405
1102,0,70592,124.88000000000002,53.115587166104085
1103,0,70656,122.38000000000002,50.70186978800683
1104,0,70720,126.29,52.631045020975975
1105,0,70784,119.16999999999999,53.392247564604354
1106,0,70848,122.51000000000002,54.4217686224915
1107,0,70912,122.57000000000001,53.71085644448429
1108,0,70976,117.99000000000001,54.97083681371423
1109,0,71040,121.50999999999999,55.34575774167339
1110,0,71104,122.25,55.14292792371475
1111,0,71168,118.96000000000001,53.170164566230184
1112,0,71232,124.50999999999999,55.81488063231883
1113,0,71296,121.94000000000001,55.158176184496895
1114,0,71360,124.87,56.68943552373757
1115,0,71424,122.89999999999998,54.23356894027904
1116,0,71488,123.17,55.134128269158296
1117,0,71552,126.66000000000001,56.3488455959836
1118,0,71616,122.43999999999998,56.45669490857573
1119,0,71680,123.55,52.73105821050816
1120,0,71744,123.16,53.02582766916515
1121,0,71808,122.05999999999999,53.710989564520226
1122,0,71872,119.86999999999998,55.100182395342394
1123,0,71936,118.67000000000003,55.745781006278854
1124,0,72000,120.56999999999998,54.72798278760145
1125,0,72064,121.91999999999999,54.6856251678629
1126,0,72128,120.38999999999999,50.572827684439396
1127,0,72192,120.45,49.33411091729535
1128,0,72256,123.13,52.226833141594945
1129,0,72320,123.21000000000001,47.5639664031502
1130,0,72384,120.28000000000002,46.48435865966099
1131,0,72448,118.41,49.09941853016184
1132,0,72512,120.87,47.39981118105852
1133,0,72576,119.03,45.80131111660451
1134,0,72640,122.55,48.00923348690333
1135,0,72704,123.97,48.51587472157953
1136,0,72768,121.76000000000002,46.61073266963308
1137,0,72832,120.34,50.132448573753116
1138,0,72896,126.78,48.92154535580413
1139,0,72960,127.66999999999999,48.03971377933053
1140,0,73024,122.33999999999999,48.410891336557725
1141,0,73088,123.10000000000002,48.45610384667756
1142,0,73152,124.65,44.86150354145522
1143,0,73216,125.03,46.30585384160408
1144,0,73280,132.79,47.98356906275314
1145,0,73344,129.12,49.046810293840714
1146,0,73408,127.2,47.29541203964715
1147,0,73472,128.51,47.09268414520455
1148,0,73536,131.62000000000003,49.01107629913875
1149,0,73600,126.79,46.63053613245294
1150,0,73664,126.14000000000001,49.739264168260476
1151,0,73728,131.38,41.99335185478769
1152,0,73792,128.26,47.67817530065512
1153,0,73856,129.76,46.223699549040866
1154,0,73920,128.82999999999998,48.12901515717936
1155,0,73984,128.76000000000002,49.02591559573366
1156,0,74048,129.15,48.12349218417134
1157,0,74112,132.91000000000003,46.64846085349441
1158,0,74176,127.45,47.17680044259043
1159,0,74240,130.11,40.616263983778715
1160,0,74304,124.25,43.509016306967915
1161,0,74368,124.28999999999999,44.20722678476903
1162,0,74432,121.55000000000003,41.80861753275275
1163,0,74496,126.64000000000001,44.912986985948734
1164,0,74560,128.79,44.34720848035421
1165,0,74624,125.67,47.30928133041127
1166,0,74688,127.97,40.47171975589868
1167,0,74752,126.08,43.61797335961404
1168,0,74816,129.20000000000002,40.840127325952345
1169,0,74880,125.75999999999999,41.501137333812906
1170,0,74944,124.13000000000002,45.31253799998407
1171,0,75008,129.81,44.882189117733546
1172,0,75072,132.61,41.568412286254095
1173,0,75136,126.48000000000002,42.26858881013181
1174,0,75200,124.28000000000002,41.588334902950855
1175,0,75264,122.92999999999999,42.22037541282645
1176,0,75328,120.21,41.128346672337806
1177,0,75392,118.62,39.300529258522715
1178,0,75456,120.78,38.37764453428584
1179,0,75520,122.06000000000002,41.197116403942644
1180,0,75584,122.66000000000001,38.40937906293201
1181,0,75648,121.05999999999999,41.11657086868991
1182,0,75712,120.15,40.99712794818681
1183,0,75776,127.79,41.86529469620391
1184,0,75840,127.85,44.09912130643875
1185,0,75904,125.75,40.117334158690056
1186,0,75968,123.69000000000001,41.6499807923125
1187,0,76032,127.28999999999999,36.10538602480245
1188,0,76096,126.91,39.71086627108505
1189,0,76160,124.62,34.726497087958634
1190,0,76224,126.33,41.11938837093763
1191,0,76288,132.93,34.24649033112736
1192,0,76352,139.26999999999998,37.458244753325
1193,0,76416,130.57999999999998,43.186358957430066
1194,0,76480,129.47999999999996,40.23348853877824
1195,0,76544,129.69,43.662190737524845
1196,0,76608,124.85,39.50681586764492
1197,0,76672,126.51000000000002,39.66195784375754
1198,0,76736,133.01,42.66055437989525
1199,0,76800,130.15,41.39669672812071
1200,0,76864,134.54000000000002,37.47410305797859
1201,0,76928,131.73,38.22316182630631
1202,0,76992,130.46,37.27546646254074
1203,0,77056,134.01000000000002,38.49593355148047
1204,0,77120,136.22000000000003,36.487745888174565
1205,0,77184,130.79000000000002,41.56230142809707
1206,0,77248,132.1,34.44395447680188
1207,0,77312,130.83999999999997,36.3495859673807
1208,0,77376,129.27,36.73132314523941
1209,0,77440,134.99999999999997,38.30083550002532
1210,0,77504,130.36999999999998,41.651723853881485
1211,0,77568,127.21000000000001,41.19870022221575
1212,0,77632,125.57000000000001,36.90552939601327
1213,0,77696,129.94,39.382259965624115
1214,0,77760,129.59,39.19592963561395
1215,0,77824,124.66999999999999,39.58280055781804
1216,0,77888,129.66000000000003,40.603453055128206
1217,0,77952,128.53,43.245139611290426
1218,0,78016,129.2,45.0815705139029
1219,0,78080,127.93999999999998,36.931644967425974
1220,0,78144,131.32,36.854410862202094
1221,0,78208,129.07000000000002,42.31916941528981
1222,0,78272,134.3,35.11942482444723
1223,0,78336,126.76999999999998,41.83137697948754
1224,0,78400,128.09,34.16522940066407
1225,0,78464,127.65,39.49727205770039
1226,0,78528,120.74000000000001,39.37304153859593
1227,0,78592,125.30999999999999,36.36252053969856
1228,0,78656,129.81,40.662352366777796
1229,0,78720,130.92000000000002,38.68864949827016
1230,0,78784,126.23000000000002,41.0361072715237
1231,0,78848,131.89000000000001,36.75601855478909
1232,0,78912,124.51999999999998,38.87198991561918
1233,0,78976,124.85999999999999,35.9070522321173
1234,0,79040,130.86999999999998,35.85359256755172
1235,0,79104,129.35999999999999,42.573963874649955
1236,0,79168,126.47,39.59131344120829
1237,0,79232,129.05,38.75492871880943
1238,0,79296,131.59999999999997,40.83069923476697
1239,0,79360,131.23,41.28714206626562
1240,0,79424,129.70999999999998,40.38191303046452
1241,0,79488,125.22999999999999,35.277501328750596
1242,0,79552,130.11,31.85816849726299
1243,0,79616,133.86,40.54546090501377
1244,0,79680,129.05,38.42354096123886
1245,0,79744,128.9,42.032178149603425
1246,0,79808,127.14000000000001,36.523176203610774
1247,0,79872,126.74000000000001,35.28079364186696
1248,0,79936,124.35,40.774262715590574
1249,0,80000,127.05999999999999,38.12897061290797
1250,0,80064,127.03999999999999,37.9553211025806
1251,0,80128,126.45,39.71023167900183
1252,0,80192,126.05999999999999,40.2282786109473
1253,0,80256,128.70000000000002,41.06119822898499
1254,0,80320,124.38,40.00139497567554
1255,0,80384,127.71000000000001,44.45245662502805
1256,0,80448,123.88,40.12656975122593
1257,0,80512,126.58999999999999,40.64978351725873
1258,0,80576,126.22000000000003,40.148170568532755
1259,0,80640,128.52,42.982317294440975
1260,0,80704,127.73999999999998,44.40829201849582
1261,0,80768,128.79,40.17024894122515
1262,0,80832,126.2,34.33688978343846
1263,0,80896,127.17999999999999,41.26739148528775
1264,0,80960,123.91000000000001,38.836798271742225
1265,0,81024,128.77,40.97457870436254
1266,0,81088,126.88000000000002,41.77357537965837
1267,0,81152,128.46999999999997,42.9861617267697
1268,0,81216,120.98999999999998,45.97121816963305
1269,0,81280,126.69000000000001,43.84843098675253
1270,0,81344,124.41000000000001,45.602422084797205
1271,0,81408,132.76,45.898827871744174
1272,0,81472,130.86,44.534463059522785
1273,0,81536,128.22,45.05267583618092
1274,0,81600,131.56,46.71400646487089
1275,0,81664,130.98,48.45550123566982
1276,0,81728,128.82999999999998,45.84857794959404
1277,0,81792,128.89000000000004,47.07484360037747
1278,0,81856,130.48,46.75056791098906
1279,0,81920,133.65,42.57553875172926
1280,0,81984,132.44,39.23746169160283
1281,0,82048,129.1,47.29105623688268
1282,0,82112,133.37,41.671622238641014
1283,0,82176,132.25,39.134518011596874
1284,0,82240,131.02999999999997,49.21560829655567
1285,0,82304,129.31,44.234159876728754
1286,0,82368,130.26,43.67722976563418
1287,0,82432,132.07,43.96353147780555
1288,0,82496,131.92999999999998,44.89514561731591
1289,0,82560,130.47,38.957747624830674
1290,0,82624,132.69,40.80601548791551
1291,0,82688,129.59,42.69872246332436
1292,0,82752,131.36999999999998,44.97946309150433
1293,0,82816,127.71999999999998,44.48606073816831
1294,0,82880,127.53999999999999,44.392143449038365
1295,0,82944,132.11999999999998,43.2687138704168
1296,0,83008,129.51,46.92789042776161
1297,0,83072,133.95000000000002,47.892238410832285
1298,0,83136,136.37,43.89123033135435
1299,0,83200,133.16000000000003,45.5941706800332
1300,0,83264,132.45,44.815873303997996
1301,0,83328,133.19,46.68313292828578
1302,0,83392,134.99,48.10643304174609
1303,0,83456,136.03000000000003,41.62823681108773
1304,0,83520,136.75,43.49738497886971
1305,0,83584,133.8,47.09774941544447
1306,0,83648,142.63,43.52364989290305
1307,0,83712,140.59000000000003,43.967157060697026
1308,0,83776,140.68,39.40545139952085
1309,0,83840,138.91000000000003,43.283864199029175
1310,0,83904,143.51000000000002,42.56304617858078
1311,0,83968,149.19,39.81327542415971
1312,0,84032,144.10999999999999,44.206616020681786
1313,0,84096,141.48999999999998,44.40546024983865
1314,0,84160,146.32999999999998,43.140469399393425
1315,0,84224,142.66,44.00807198685259
1316,0,84288,145.57,42.99186085760885
1317,0,84352,146.93,41.25367983586434
1318,0,84416,144.1,44.336283109886416
1319,0,84480,141.83,40.49681592421804
1320,0,84544,145.99,44.91515223173579
1321,0,84608,144.28,39.899343352992666
1322,0,84672,147.4,38.407134753844886
1323,0,84736,142.17000000000002,37.25053153983175
1324,0,84800,141.33,38.153978822660164
1325,0,84864,141.55,39.141646618403776
1326,0,84928,142.29,42.18097794029911
1327,0,84992,142.94,39.81600683142396
1328,0,85056,145.63000000000002,38.57131187813035
1329,0,85120,141.39000000000001,39.99946124637181
1330,0,85184,141.1,43.13196030787379
1331,0,85248,139.63,43.22596557625983
1332,0,85312,145.28,43.39941935095445
1333,0,85376,140.70000000000002,40.09369027665077
1334,0,85440,142.03000000000003,42.98376554002685
1335,0,85504,143.33999999999997,40.89511462265389
1336,0,85568,143.63,38.648131908282444
1337,0,85632,148.16000000000003,38.319530268519735
1338,0,85696,146.83999999999997,37.26580738424971
1339,0,85760,142.16000000000003,45.67792026789311
1340,0,85824,146.31,40.984422650563225
1341,0,85888,144.6,41.30835266625867
1342,0,85952,146.45,42.36371678689206
1343,0,86016,145.03,43.82205038562208
1344,0,86080,142.38,42.76439640635653
1345,0,86144,145.15,45.976499431774926
1346,0,86208,147.22000000000003,42.53717903199506
1347,0,86272,145.29000000000002,44.933828014092015
1348,0,86336,147.45,44.05002270146975
1349,0,86400,147.70999999999998,44.393162761848814
1350,0,86464,146.13,44.080858657698585
1351,0,86528,147.44,42.87444926759993
1352,0,86592,146.6,41.994213887153556
1353,0,86656,147.18,44.50556819095786
1354,0,86720,145.6,46.15582303458579
1355,0,86784,146.1,45.63428535651676
1356,0,86848,146.74999999999997,41.39952294411132
1357,0,86912,145.72,44.17363014288049
1358,0,86976,143.63,44.91020040035448
1359,0,87040,143.44,47.1549615629151
1360,0,87104,145.81,47.24515742380376
1361,0,87168,149.28,40.40348499820282
1362,0,87232,146.34,46.125268562903784
1363,0,87296,149.3,44.22607827967567
1364,0,87360,148.07,46.43429874564706
1365,0,87424,152.34,48.46357807673717
1366,0,87488,145.09,48.63372183989212
1367,0,87552,145.19,47.05382981224801
1368,0,87616,147.27,49.77356828679254
1369,0,87680,147.06,42.877691169184935
1370,0,87744,146.43,50.35660929808519
1371,0,87808,145.60000000000002,49.364379870509865
1372,0,87872,147.29000000000002,50.5073747090462
1373,0,87936,149.26,48.120394844597854
1374,0,88000,148.69,47.32131549312635
1375,0,88064,148.02000000000004,47.58179904123004
1376,0,88128,148.85,47.41580432724937
1377,0,88192,147.14000000000001,48.685751509040095
1378,0,88256,147.72000000000003,51.677592823195624
1379,0,88320,142.92000000000002,52.32509531763893
1380,0,88384,146.27,54.07156461579413
1381,0,88448,143.03,54.60190564440036
1382,0,88512,144.26,53.75139440051764
1383,0,88576,141.98,55.643396733125485
1384,0,88640,143.32,52.944741004182845
1385,0,88704,141.67000000000002,53.23480158693184
1386,0,88768,142.19,54.54054363498773
1387,0,88832,143.60999999999999,52.80216756914435
1388,0,88896,142.84,56.167894744239796
1389,0,88960,144.16,52.00725334027938
1390,0,89024,143.66,52.89089146535535
1391,0,89088,143.81,52.42008107586252
1392,0,89152,145.82999999999998,52.099098840574975
1393,0,89216,142.69,53.37024358198114
1394,0,89280,145.07999999999998,53.687220080760376
1395,0,89344,144.70999999999998,52.73639066147777
1396,0,89408,144.61999999999998,53.39424688110134
1397,0,89472,143.1,57.010665668802716
1398,0,89536,145.66,54.63442504502083
1399,0,89600,146.41,53.76940486931207
1400,0,89664,143.63,56.061877421292266
1401,0,89728,145.05,52.85278138376447
1402,0,89792,145.96999999999997,53.8582779152843
1403,0,89856,146.99,51.477634949558436
1404,0,89920,142.10999999999999,55.29049556659806
1405,0,89984,148.48000000000002,54.728983180760814
1406,0,90048,147.72,54.57385454592703
1407,0,90112,149.25,50.11948223994339
1408,0,90176,145.61999999999998,57.515316220985866
1409,0,90240,150.83999999999997,50.06909625707259
1410,0,90304,148.63000000000002,53.46348379969267
1411,0,90368,150.76000000000002,49.6760747241567
1412,0,90432,149.4,53.26760741764173
1413,0,90496,150.55,53.33256509863369
1414,0,90560,153.35000000000002,51.041478230944676
1415,0,90624,147.26,55.903617056501815
1416,0,90688,149.85,52.960631604995044
1417,0,90752,150.44,49.84767196168743
1418,0,90816,154.51999999999998,48.76057423779995
1419,0,90880,151.83999999999997,49.809400719141365
1420,0,90944,147.62,54.14816340375729
1421,0,91008,149.79,51.84223085477707
1422,0,91072,147.69,52.730037929058994
1423,0,91136,147.05,53.486189806341606
1424,0,91200,147.95,53.6047992254425
1425,0,91264,146.09,52.01254560199875
1426,0,91328,148.22,53.464002843034486
1427,0,91392,147.49999999999997,51.84650422159628
1428,0,91456,150.98000000000002,52.11767070773597
1429,0,91520,148.4,53.62863041324102
1430,0,91584,151.58,52.9388099601795
1431,0,91648,151.70999999999998,49.772190026158185
1432,0,91712,150.61,50.89330899047536
1433,0,91776,153.94,49.175343415170985
1434,0,91840,152.54000000000002,48.92527363234671
1435,0,91904,155.95,51.44706502804606
1436,0,91968,150.05,50.913244838646854
1437,0,92032,153.35,50.86427528236297
1438,0,92096,153.56,48.08174705644544
1439,0,92160,153.52,51.377792868125425
1440,0,92224,156.11999999999998,49.39710112951974
1441,0,92288,151.54,51.026350055633024
1442,0,92352,153.96999999999997,51.24371278508223
1443,0,92416,152.6,50.790648745610646
1444,0,92480,153.66000000000003,49.51711219366493
1445,0,92544,157.31,49.687995532120226
1446,0,92608,152.8,50.86959799330048
1447,0,92672,153.66000000000003,51.77447633728418
1448,0,92736,153.20999999999998,52.39163005671803
1449,0,92800,154.9,49.595624807033126
1450,0,92864,153.09,49.26650890818224
1451,0,92928,155.5,50.803838437661376
1452,0,92992,153.71,47.75067434078811
1453,0,93056,156.41000000000003,48.24747558163017
1454,0,93120,151.70999999999998,50.08359911188492
1455,0,93184,153.54,49.405509814189756
1456,0,93248,153.72,47.86963129166549
1457,0,93312,154.16,47.56272069594001
1458,0,93376,155.36999999999998,45.95497905559309
1459,0,93440,152.06,49.449493425110035
1460,0,93504,158.47,46.1052936223163
1461,0,93568,151.36,49.74849143441437
1462,0,93632,151.06,49.007738164498065
1463,0,93696,155.2,48.0640822236314
1464,0,93760,153.49999999999997,47.05216254328806
1465,0,93824,151.44,47.41426367666169
1466,0,93888,152.29000000000002,47.03593200947548
1467,0,93952,153.63,46.69627501203923
1468,0,94016,149.54000000000002,49.32740009365991
1469,0,94080,153.48,48.54580929390301
1470,0,94144,151.22,50.478684610437305
1471,0,94208,150.91000000000003,48.19961514369176
1472,0,94272,146.69,50.958521367873296
1473,0,94336,150.87,50.20386538903155
1474,0,94400,151.47000000000003,47.82767086112389
1475,0,94464,150.63,49.07696098985755
1476,0,94528,153.16000000000003,47.99081578802345
1477,0,94592,150.16,48.002462436837554
1478,0,94656,146.72999999999996,49.079691319322706
1479,0,94720,148.06,48.79797536783673
1480,0,94784,150.49,50.68276728830027
1481,0,94848,147.97,49.91368649979683
1482,0,94912,146.95999999999998,50.61893321673225
1483,0,94976,148.2,49.07575776287107
1484,0,95040,151.42999999999998,47.4756790367447
1485,0,95104,151.01,49.48238979677518
1486,0,95168,151.62999999999997,47.16146838256841
1487,0,95232,150.64,48.726095677778254
1488,0,95296,149.51,51.009106049802526
1489,0,95360,146.74,53.07455510882781
1490,0,95424,148.93,50.84917010138907
1491,0,95488,146.32,53.16107222394974
1492,0,95552,146.79,53.504382063528226
1493,0,95616,148.42,52.627270497338166
1494,0,95680,146.95999999999998,51.68023219762078
1495,0,95744,148.56,54.773592177252716
1496,0,95808,147.07999999999998,52.26761521248123
1497,0,95872,146.32999999999998,53.58919760548762
1498,0,95936,144.82999999999998,54.471479693505664
1499,0,96000,142.7,53.89601098411644
1500,0,96064,146.84999999999997,53.665151634929714
1501,0,96128,143.70999999999998,53.58573410899584
1502,0,96192,144.10999999999999,55.55585387697681
1503,0,96256,145.55,53.570481610678094
1504,0,96320,148.95999999999998,53.94106413484999
1505,0,96384,147.41,52.89237090545289
1506,0,96448,146.72,51.45574409140344
1507,0,96512,148.39,52.270306102030816
1508,0,96576,144.87,55.04792548316422
1509,0,96640,148.03,53.81706142107724
1510,0,96704,144.82999999999998,53.52481760828336
1511,0,96768,149.68999999999997,52.08470888850201
1512,0,96832,149.20000000000002,51.422018630154916
1513,0,96896,152.84999999999997,51.158230031931325
1514,0,96960,147.79999999999998,53.593040592972514
1515,0,97024,146.96999999999997,52.19933045547615
1516,0,97088,151.68,52.12501894484068
1517,0,97152,149.60999999999999,50.89301425539659
1518,0,97216,148.85,51.134885352369764
1519,0,97280,149.16,52.34659874337587
1520,0,97344,151.93,52.64564654366019
1521,0,97408,151.77,54.44384354543679
1522,0,97472,151.11,51.14935874475847
1523,0,97536,148.44,52.49863236313876
1524,0,97600,149.61,50.87556289614887
1525,0,97664,145.81,54.899479961107104
1526,0,97728,149.67000000000002,53.42033414347012
1527,0,97792,148.94,56.867973412106046
1528,0,97856,147.31,55.35480918583317
1529,0,97920,148.50000000000003,54.36327804685806
1530,0,97984,147.45999999999998,54.12774150100852
1531,0,98048,146.76999999999998,56.46684071204976
1532,0,98112,147.03000000000003,58.916178592980714
1533,0,98176,149.86999999999998,56.979032108311564
1534,0,98240,145.02,55.35638716534886
1535,0,98304,148.44,54.3151581052656
1536,0,98368,146.45,54.991149287862676
1537,0,98432,146.06,56.803454120326165
1538,0,98496,147.75,53.739394302504
1539,0,98560,148.48000000000002,54.26681859110593
1540,0,98624,144.58999999999997,58.18302931267845
1541,0,98688,144.87000000000003,55.46196985322465
1542,0,98752,147.87,55.42716030972541
1543,0,98816,145.42,54.142844402561636
1544,0,98880,146.96999999999997,53.82479075667643
1545,0,98944,146.75,55.326923825566155
1546,0,99008,145.16,56.01162736432499
1547,0,99072,146.36,56.763988584312855
1548,0,99136,145.90000000000003,55.13026392100803
1549,0,99200,142.31,55.918251939773654
1550,0,99264,147.04,54.54361924185082
1551,0,99328,146.31,53.66114888818539
1552,0,99392,146.82999999999998,53.01720569777325
1553,0,99456,145.17000000000002,52.2344149005232
1554,0,99520,147.6,54.43307817862223
1555,0,99584,143.15999999999997,55.36421587993458
1556,0,99648,147.37,50.64879169338593
1557,0,99712,149.98000000000002,52.03792463194512
1558,0,99776,147.37,52.52220578003175
1559,0,99840,143.73,50.525776589776434
1560,0,99904,144.85,52.730659961733835
1561,0,99968,143.74,51.11508974852729
1562,0,100032,146.2,51.77194220811114
1563,0,100096,141.04000000000002,48.78340291533587
1564,0,100160,145.10999999999999,52.366429131648836
1565,0,100224,147.64000000000001,49.23549938814473
1566,0,100288,145.73000000000002,49.31896288447274
1567,0,100352,148.17000000000002,51.27761792439271
1568,0,100416,146.55,50.5879284019419
1569,0,100480,149.13000000000002,50.33819722636082
1570,0,100544,146.6,49.94422889583941
1571,0,100608,146.33,52.21235581737334
1572,0,100672,150.07999999999998,52.66598143014141
1573,0,100736,150.51,47.584881002267934
1574,0,100800,147.86,50.26138080076989
1575,0,100864,148.41000000000003,48.63191236215167
1576,0,100928,149.23000000000002,47.275576146674304
1577,0,100992,150.56,49.58786545113633
1578,0,101056,148.39,46.96716832000839
1579,0,101120,148.42000000000002,50.7406503702899
1580,0,101184,149.28000000000003,51.34555092702775
1581,0,101248,151.18,49.32173557367988
1582,0,101312,153.62,48.14101785380114
1583,0,101376,147.20999999999998,50.628992682059156
1584,0,101440,149.76,48.96887174522199
1585,0,101504,149.43,48.63030022527108
1586,0,101568,147.51,52.08236649769287
1587,0,101632,151.34999999999997,49.9550447902912
1588,0,101696,150.35000000000002,49.28198961081016
1589,0,101760,154.07,48.61362051935651
1590,0,101824,150.39,50.13243361338047
1591,0,101888,148.94,51.316434014845576
1592,0,101952,150.82,52.26958580283567
1593,0,102016,153.57,50.36262602366958
1594,0,102080,149.69,52.86617916967331
1595,0,102144,151.34999999999997,51.10951476975691
1596,0,102208,148.4,51.928989976697984
1597,0,102272,151.05,51.76962912751066
1598,0,102336,148.06,51.779922750038935
1599,0,102400,151.41,51.73767389436831
1600,0,102464,153.60999999999999,48.17276097547243
1601,0,102528,149.65,54.109356861821965
1602,0,102592,153.29999999999998,51.230186413871266
1603,0,102656,148.4,54.954563049850556
1604,0,102720,151.36,51.856093181033216
1605,0,102784,150.67000000000002,56.694268669769436
1606,0,102848,150.61,54.63792547306312
1607,0,102912,153.62,54.45039577450287
1608,0,102976,152.45,51.48817825481885
1609,0,103040,153.76,52.95959214344461
1610,0,103104,149.01999999999998,55.95681906613349
1611,0,103168,152.53000000000003,50.57076329263778
1612,0,103232,149.83999999999997,53.75654750818732
1613,0,103296,147.66000000000003,53.228229352477996
1614,0,103360,149.05,55.120781017688785
1615,0,103424,150.93,52.13357938987117
1616,0,103488,152.98000000000002,51.58070957247486
1617,0,103552,154.0,49.30525326980889
1618,0,103616,154.04000000000002,49.04832718860042
1619,0,103680,153.66,49.7560488785032
1620,0,103744,152.23000000000002,47.91486303851865
1621,0,103808,154.06,45.29276321886312
1622,0,103872,153.82999999999998,51.173216627450735
1623,0,103936,151.42000000000002,47.48138161427066
1624,0,104000,150.94,47.91223643287798
1625,0,104064,153.71999999999997,49.61201064258533
1626,0,104128,151.7,45.82281091334315
1627,0,104192,153.46999999999997,49.87460375782449
1628,0,104256,156.08,44.85219727059088
1629,0,104320,150.95,49.7967117388287
1630,0,104384,153.33999999999997,45.88621143655248
1631,0,104448,155.47999999999996,42.767786942978475
1632,0,104512,149.07,48.059963587168895
1633,0,104576,150.83999999999997,49.902007975631605
1634,0,104640,154.45,42.86215696858944
1635,0,104704,152.88,50.802417265323115
1636,0,104768,155.92,46.24973081002742
1637,0,104832,153.98,48.59944032599552
1638,0,104896,151.13,51.35313135535164
1639,0,104960,154.59,46.02658905458887
1640,0,105024,154.21,46.509793592317735
1641,0,105088,154.32000000000002,49.1344034257057
1642,0,105152,151.04,48.24288963153016
1643,0,105216,154.68,45.34875521996167
1644,0,105280,151.20999999999998,49.089804440433454
1645,0,105344,151.01000000000002,49.86081527612641
1646,0,105408,152.61,47.226506328543934
1647,0,105472,156.58999999999997,46.33597846166627
1648,0,105536,153.25,47.87087319028137
1649,0,105600,153.58999999999997,48.28315337672137
1650,0,105664,150.53,49.59945665024971
1651,0,105728,152.35000000000002,45.817076510838184
1652,0,105792,153.61,44.799184144356914
1653,0,105856,150.48999999999998,46.83777215026351
1654,0,105920,151.94,47.10045010400644
1655,0,105984,153.42,47.21391320363099
1656,0,106048,153.94,43.629375425279704
1657,0,106112,152.46,45.96623108326372
1658,0,106176,149.69,47.898673259287676
1659,0,106240,154.92999999999998,45.12017398016103
1660,0,106304,152.32999999999998,47.274328128488506
1661,0,106368,148.60999999999999,44.48710936889472
1662,0,106432,148.32,44.757654094020616
1663,0,106496,149.16000000000003,45.201951285315104
1664,0,106560,148.32,42.39461758289607
1665,0,106624,149.53,49.688470493666834
1666,0,106688,147.44,49.01465495135103
1667,0,106752,144.83999999999997,45.27478768586331
1668,0,106816,149.42000000000002,43.99876816457479
1669,0,106880,150.60000000000002,47.74781670401276
1670,0,106944,149.11,47.131909573027066
1671,0,107008,150.2,44.82135651673207
1672,0,107072,148.79999999999998,47.86006686163319
1673,0,107136,149.17000000000002,46.53583672826782
1674,0,107200,148.7,45.05944961936397
1675,0,107264,148.02,47.81269287542796
1676,0,107328,150.53,46.18231371423481
1677,0,107392,147.98,49.22797578613201
1678,0,107456,151.11999999999998,49.58638522820553
1679,0,107520,151.14000000000001,50.695467253000054
1680,0,107584,154.92000000000002,49.504521005661694
1681,0,107648,151.53999999999996,51.399070030497626
1682,0,107712,150.78000000000003,49.9926554605774
1683,0,107776,151.57,49.617356842137404
1684,0,107840,153.09,53.55179642178216
1685,0,107904,152.76,52.46778440147821
1686,0,107968,152.03,50.198188214317064
1687,0,108032,154.2,51.93859836383727
1688,0,108096,149.26999999999998,54.21636376593325
1689,0,108160,151.04000000000002,52.336377406159855
1690,0,108224,148.73,52.26168864474243
1691,0,108288,152.85,52.38996564228688
1692,0,108352,153.31,53.54923808981786
1693,0,108416,153.65,52.79409531377537
1694,0,108480,150.95,51.23155765736583
1695,0,108544,150.27000000000004,55.45385559183419
1696,0,108608,150.62,53.02265176318514
1697,0,108672,150.91000000000003,54.00910015913985
1698,0,108736,153.01,51.47219540684077
1699,0,108800,150.40000000000003,52.900018903588304
1700,0,108864,152.64000000000001,53.17795031777739
1701,0,108928,151.04999999999998,52.97205395300431
1702,0,108992,150.73,51.859561317080185
1703,0,109056,150.94,53.63027503192576
1704,0,109120,153.85999999999999,54.320441824418175
1705,0,109184,150.26,50.725283636466735
1706,0,109248,149.87,51.63268441597822
1707,0,109312,147.79000000000002,53.192601929215684
1708,0,109376,151.8,51.338796246113915
1709,0,109440,150.87,53.461987430322864
1710,0,109504,149.38,53.002599936229544
1711,0,109568,150.13,51.22811825550495
1712,0,109632,149.22000000000003,53.11265009392772
1713,0,109696,149.24,50.12786051688223
1714,0,109760,151.81,48.98041343230986
1715,0,109824,151.20999999999998,49.68336643183511
1716,0,109888,151.95,49.049408763001416
1717,0,109952,148.39000000000001,50.69511712186885
1718,0,110016,147.13000000000002,50.658287574690085
1719,0,110080,149.5,48.355764909677525
1720,0,110144,146.19,53.100535778841255
1721,0,110208,149.79,51.49773684347692
1722,0,110272,149.41,50.857358366317065
1723,0,110336,146.07,48.08490511584691
1724,0,110400,143.7,48.54227023945214
1725,0,110464,144.25,48.44979360121155
1726,0,110528,148.22,45.16710750092372
1727,0,110592,145.98,47.059723756095295
1728,0,110656,143.88000000000002,49.905807277309925
1729,0,110720,147.19,47.142644177008144
1730,0,110784,148.31,49.08591345793618
1731,0,110848,148.91,51.509638903801296
1732,0,110912,153.42,49.20373563053927
1733,0,110976,150.98999999999998,49.45973008418061
1734,0,111040,148.31,51.3440639217427
1735,0,111104,146.07,51.45903322061152
1736,0,111168,149.48,49.78210120113453
1737,0,111232,151.93,51.53028332932005
1738,0,111296,147.28,50.6953410088146
1739,0,111360,148.19,50.51820364977362
1740,0,111424,150.43,49.27563393808344
1741,0,111488,150.96,48.825182027310454
1742,0,111552,153.05,51.17746085924936
1743,0,111616,150.57,50.21754772985236
1744,0,111680,151.64000000000001,48.48643521646028
1745,0,111744,154.73000000000002,46.68136780343952
1746,0,111808,155.39000000000001,46.82850520783254
1747,0,111872,153.42000000000002,50.00019599961584
1748,0,111936,153.79,45.87023980752663
1749,0,112000,149.73000000000002,47.437876217216974
1750,0,112064,150.04000000000002,47.968806530911316
1751,0,112128,150.39000000000001,50.39584209039472
1752,0,112192,151.14,46.20963535887294
1753,0,112256,150.26,49.60268541117507
1754,0,112320,149.17,47.6260023516566
1755,0,112384,147.29,46.81101259319221
1756,0,112448,148.71,45.29546224513003
1757,0,112512,146.7,43.587314668375704
1758,0,112576,144.75,41.96027287804502
1759,0,112640,148.43,45.12343182870736
1760,0,112704,145.15,45.60114581893749
1761,0,112768,143.64000000000001,46.66823759260682
1762,0,112832,146.8,47.550310198777886
1763,0,112896,146.10000000000002,44.82398911297387
1764,0,112960,142.73,45.76942319933692
1765,0,113024,143.36999999999998,47.09416205858217
1766,0,113088,141.60999999999999,43.601569925863906
1767,0,113152,140.35999999999999,48.4373450965265
1768,0,113216,146.07999999999998,42.56357127873553
1769,0,113280,144.82000000000002,45.76749501556755
1770,0,113344,143.02,48.568360071140965
1771,0,113408,147.19,44.45162426728634
1772,0,113472,146.89000000000001,45.90809187931905
1773,0,113536,143.73,47.976995529107484
1774,0,113600,145.44,47.2442419771976
1775,0,113664,143.7,46.962602142555944
1776,0,113728,146.63,45.24374100359076
1777,0,113792,147.82,44.82900400410431
1778,0,113856,144.46999999999997,49.01779370799955
1779,0,113920,145.94,47.05412202984984
1780,0,113984,148.41,49.54978203786572
1781,0,114048,147.89,49.424861153067496
1782,0,114112,144.60999999999999,48.57162649119339
1783,0,114176,144.20999999999998,47.447643777115005
1784,0,114240,147.15,43.74803424155193
1785,0,114304,145.79000000000002,44.67176848972962
1786,0,114368,142.85,45.507894919453264
1787,0,114432,142.25,47.49444704383872
1788,0,114496,145.12,45.24448695697632
1789,0,114560,140.68,48.09816628521299
1790,0,114624,141.10999999999999,49.19761071434262
1791,0,114688,142.70999999999998,48.23134769006563
1792,0,114752,139.99,49.436938618810125
1793,0,114816,142.42000000000002,46.53954877305967
1794,0,114880,142.89,46.32378330836116
1795,0,114944,141.19,49.251405056099664
1796,0,115008,143.35999999999999,48.67593245126384
1797,0,115072,144.61,48.83782243302827
1798,0,115136,144.36999999999998,46.56509529679929
1799,0,115200,142.82999999999998,51.197891558149145
1800,0,115264,145.55,50.587019085927565
1801,0,115328,143.1,51.18913947313434
1802,0,115392,143.66,49.514729121747195
1803,0,115456,143.17,49.57513590500786
1804,0,115520,145.64999999999998,49.75568811703844
1805,0,115584,148.63000000000002,47.77777830749354
1806,0,115648,145.69,47.99580085799173
1807,0,115712,143.52,48.8821194303193
1808,0,115776,147.68,42.58212770635117
1809,0,115840,144.12,47.660104909662124
1810,0,115904,141.25000000000003,48.21073013344643
1811,0,115968,145.1,48.81092090915721
1812,0,116032,148.1,46.28479231885998
1813,0,116096,147.63,44.22388607980986
1814,0,116160,144.25,45.71567017992846
1815,0,116224,145.82000000000002,47.05077682674325
1816,0,116288,144.9,42.86226778881397
1817,0,116352,144.75000000000003,46.74433120711002
1818,0,116416,146.58999999999997,49.87164424800931
1819,0,116480,147.74,43.88619828602154
1820,0,116544,149.04,42.86180584156482
1821,0,116608,147.19,44.08755946976426
1822,0,116672,147.73,51.3781480787309
1823,0,116736,149.89000000000001,45.38128358695907
1824,0,116800,146.18,47.134908507389724
1825,0,116864,150.15,43.8459405190492
1826,0,116928,151.82999999999998,45.152653299667776
1827,0,116992,148.07999999999998,43.23831171542201
1828,0,117056,146.11999999999998,48.75840030189669
1829,0,117120,148.21,44.946845273055594
1830,0,117184,149.88000000000002,48.99577124609838
1831,0,117248,148.08,45.180256750045146
1832,0,117312,146.10999999999996,43.976231079982284
1833,0,117376,147.66,42.80435024620745
1834,0,117440,142.83999999999997,46.30736874407787
1835,0,117504,143.49999999999997,42.36791238661636
1836,0,117568,148.18,42.37378434834444
1837,0,117632,146.72,47.551546767692
1838,0,117696,145.20999999999998,45.51374407802549
1839,0,117760,144.58999999999997,46.743180251240936
1840,0,117824,146.13000000000002,44.038166401429564
1841,0,117888,144.20000000000002,41.99435676373672
1842,0,117952,144.43,45.23989500429902
1843,0,118016,141.59,40.46864094579901
1844,0,118080,139.13000000000002,46.26257774919163
1845,0,118144,143.76,38.82767569659559
1846,0,118208,142.85999999999999,44.96194390815414
1847,0,118272,140.86999999999998,43.08596175089979
1848,0,118336,142.86999999999998,42.75705906631091
1849,0,118400,143.82,42.61649445930531
1850,0,118464,143.64999999999998,46.50662855980855
1851,0,118528,143.18,44.33697779506402
1852,0,118592,142.07,45.33916739420784
1853,0,118656,146.75000000000003,44.68047112553761
1854,0,118720,141.86,44.554824654575846
1855,0,118784,145.91000000000003,45.794703842256695
1856,0,118848,147.18,42.983201369837495
1857,0,118912,146.52000000000004,47.01561017364339
1858,0,118976,144.92000000000002,46.90008102338417
1859,0,119040,143.73,46.76299926223723
1860,0,119104,149.57999999999998,45.03844579911701
1861,0,119168,147.89000000000001,49.66587258873038
1862,0,119232,147.53,47.50273781583542
1863,0,119296,149.31,46.89162931696871
1864,0,119360,152.70999999999998,45.95709847237965
1865,0,119424,153.12,45.303505383137846
1866,0,119488,148.10000000000002,51.99938461174325
1867,0,119552,148.75,50.405421335407965
1868,0,119616,151.89,44.98516310962982
1869,0,119680,146.60999999999999,49.25775979477751
1870,0,119744,149.66000000000003,46.09221626261857
1871,0,119808,150.88,46.96574922217253
1872,0,119872,152.36,50.083534220340326
1873,0,119936,150.23,49.45191705080805
1874,0,120000,153.84,47.7273548397562
1875,0,120064,148.54,50.253083487483636
1876,0,120128,151.71,49.36963540477082
1877,0,120192,150.78,51.010308762053185
1878,0,120256,149.3,49.34440191146307
1879,0,120320,150.00000000000003,50.6747866300392
1880,0,120384,151.82,48.87358795914211
1881,0,120448,149.63,52.57120980156344
1882,0,120512,149.91,53.33883107080619
1883,0,120576,154.36,45.54301702786059
1884,0,120640,153.29999999999998,47.66101131952615
1885,0,120704,153.21,49.633123012762354
1886,0,120768,147.96,50.673409200486994
1887,0,120832,151.55,48.331526977739905
1888,0,120896,151.16000000000003,47.537673481145454
1889,0,120960,145.82,50.11354707062751
1890,0,121024,146.6,47.749471201260434
1891,0,121088,143.49,45.864854736497314
1892,0,121152,147.70999999999998,47.9808180422135
1893,0,121216,145.7,47.03152134473219
1894,0,121280,145.85,46.153683493303106
1895,0,121344,147.38,47.249715343057886
1896,0,121408,146.26,46.36123811979141
1897,0,121472,143.58999999999997,48.55140471706252
1898,0,121536,148.58,45.17069403938797
1899,0,121600,144.49,48.11271037885935
1900,0,121664,146.27,45.16633812918643
1901,0,121728,144.09999999999997,49.99017903548656
1902,0,121792,146.14,45.97119097869883
1903,0,121856,142.69,50.65831521083187
1904,0,121920,147.21,47.881947537668104
1905,0,121984,145.22,45.463321480067854
1906,0,122048,147.07999999999998,46.18341260669246
1907,0,122112,144.87999999999997,48.332014234873355
1908,0,122176,145.55,46.67213836969547
1909,0,122240,146.67000000000002,48.3021956022705
1910,0,122304,150.14000000000001,45.74641406711569
1911,0,122368,145.19,46.79193199687314
1912,0,122432,147.72,43.047271690549685
1913,0,122496,146.63,43.860986081026496
1914,0,122560,144.59,49.1995619899202
1915,0,122624,144.92000000000002,46.79933332858493
1916,0,122688,149.9,44.40916572060321
1917,0,122752,147.25,44.62407982244564
1918,0,122816,145.95999999999998,46.710110254633314
1919,0,122880,147.45,45.49024620729151
1920,0,122944,145.3,46.71661374714567
1921,0,123008,142.89,45.246954593651935
1922,0,123072,145.92000000000002,44.36815975449061
1923,0,123136,143.07999999999998,42.12070274817361
1924,0,123200,143.13,44.42895564831566
1925,0,123264,144.27,42.295272785501695
1926,0,123328,148.82,43.35151208435526
1927,0,123392,141.93,39.69617235956132
1928,0,123456,141.81,41.64397795600224
1929,0,123520,140.79,40.39577824476216
1930,0,123584,140.5,42.774688777359906
1931,0,123648,140.25,41.61156690152391
1932,0,123712,137.52,35.96291979247514
1933,0,123776,140.11,41.960968768606854
1934,0,123840,136.97,40.72748580504325
1935,0,123904,136.94,39.15643497562055
1936,0,123968,135.3,35.17214807201858
1937,0,124032,138.55,40.57795583811486
1938,0,124096,138.94,36.19066730525979
1939,0,124160,136.66000000000003,40.00887901453876
1940,0,124224,136.01,36.98787504034261
1941,0,124288,135.50000000000003,36.79486377199949
1942,0,124352,138.63,37.4221071026205
1943,0,124416,134.2,36.888561912874835
1944,0,124480,138.57999999999998,34.653248044014575
1945,0,124544,138.45,33.23712532695931
1946,0,124608,135.51000000000002,37.83248471882332
1947,0,124672,134.27,32.66456949050454
1948,0,124736,135.07,35.43190793620914
1949,0,124800,132.49,33.773790133770895
1950,0,124864,132.92000000000002,35.854282868299016
1951,0,124928,133.03,35.00111569650316
1952,0,124992,128.95,37.249087237139115
1953,0,125056,131.38,34.71123161168442
1954,0,125120,135.21,33.97997792818588
1955,0,125184,132.19,30.850525117086743
1956,0,125248,132.63000000000002,34.33520205270387
1957,0,125312,130.52,34.413014979800884
1958,0,125376,131.39,28.46996487528568
1959,0,125440,130.88000000000002,33.49076887740859
1960,0,125504,129.56,33.690152864004645
1961,0,125568,125.96,30.470451260196327
1962,0,125632,130.24,35.63375366138122
1963,0,125696,123.92,35.61951150703782
1964,0,125760,127.35,33.16245618165217
1965,0,125824,127.5,31.6881050238098
1966,0,125888,126.48999999999998,35.758619939813116
1967,0,125952,127.44000000000001,34.433448854275404
1968,0,126016,129.24999999999997,36.163330875349416
1969,0,126080,129.1,38.48906338169324
1970,0,126144,126.94000000000001,32.96407741769819
1971,0,126208,126.36999999999998,32.27336517935494
1972,0,126272,126.36999999999998,35.720023796184684
1973,0,126336,133.70000000000002,37.883136089822344
1974,0,126400,132.26000000000002,38.38169355304687
1975,0,126464,130.71,37.317327074698156
1976,0,126528,130.62,40.260124192555594
1977,0,126592,127.63,39.17706089027099
1978,0,126656,131.28,36.633367303593594
1979,0,126720,128.89000000000001,38.68052352282735
1980,0,126784,132.15,40.05958686756517
1981,0,126848,135.71,34.34869575398751
1982,0,126912,133.28,38.65785301850065
1983,0,126976,136.66,38.10724865429148
1984,0,127040,134.47,41.42825243719556
1985,0,127104,134.87,38.839440006261675
1986,0,127168,135.27,43.539201876010544
1987,0,127232,132.17000000000002,44.95204222279561
1988,0,127296,130.6,40.85988252552863
1989,0,127360,130.48,46.800123931459844
1990,0,127424,131.79000000000002,43.24524135670883
1991,0,127488,132.39000000000001,45.070887499582255
1992,0,127552,135.06,41.9454932024884
1993,0,127616,134.74,41.93679053051151
1994,0,127680,136.55,42.77988429156863
1995,0,127744,130.85999999999999,44.90212021720133
1996,0,127808,136.42000000000002,41.96674397662988
1997,0,127872,133.17000000000002,46.962028278173854
1998,0,127936,140.63000000000002,42.96777978904658
1999,0,128000,134.28,44.36306571913172
2000,0,128064,136.64000000000001,42.10133489570135
2001,0,128128,132.9,46.0918430961488
2002,0,128192,138.44,41.939914163002285
2003,0,128256,137.52,45.63636269467583
2004,0,128320,137.24,42.09264068694194
2005,0,128384,139.95000000000002,45.952785552129484
2006,0,128448,135.97,43.642869978955325
2007,0,128512,136.20999999999998,46.41780800511803
2008,0,128576,138.9,42.939166270434264
2009,0,128640,141.71,45.13997009303395
2010,0,128704,141.56,41.53220918756911
2011,0,128768,142.95,44.22352880537689
2012,0,128832,141.33,46.52257623992893
2013,0,128896,142.01,45.13097495069212
2014,0,128960,143.13,50.71254381314351
2015,0,129024,143.54000000000002,46.6594299150772
2016,0,129088,139.76,47.069166128156546
2017,0,129152,136.73999999999998,50.417976952670365
2018,0,129216,142.82999999999998,50.85853025796165
2019,0,129280,143.98,47.87907267272414
2020,0,129344,146.10999999999999,48.960503469633565
2021,0,129408,144.85999999999999,46.471436388388085
2022,0,129472,145.79,52.09574742721329
2023,0,129536,148.88000000000002,51.57595951603809
2024,0,129600,145.33999999999997,53.97010654056559
2025,0,129664,142.01,53.01330870639938
2026,0,129728,145.97,53.57034720813372
2027,0,129792,146.59999999999997,50.877008559859334
2028,0,129856,147.95999999999998,52.81765235222028
2029,0,129920,148.83,51.74222743562553
2030,0,129984,150.82,51.370123612854975
2031,0,130048,147.19,53.59629558094477
2032,0,130112,151.37,49.8917838927413
2033,0,130176,148.1,51.98790243893285
2034,0,130240,152.99,51.01863287074635
2035,0,130304,149.69,52.29126982585143
2036,0,130368,152.19,52.616146761236706
2037,0,130432,151.65,53.0941851806768
2038,0,130496,152.23,52.06334699190977
2039,0,130560,155.38,48.08558619794502
2040,0,130624,149.64000000000001,51.804714071211706
2041,0,130688,150.65,53.05989540132924
2042,0,130752,152.45,49.161046571447194
2043,0,130816,151.51999999999998,51.607824988077155
2044,0,130880,154.17,50.570209610006565
2045,0,130944,154.59999999999997,51.079232570585866
2046,0,131008,152.11,52.869489310943784
2047,0,131072,148.47,57.37928284668605
2048,0,131136,153.56,49.54705238457682
2049,0,131200,154.27,48.75104204014515
2050,0,131264,154.20999999999998,48.848939599545055
2051,0,131328,150.32,53.48952794706642
2052,0,131392,149.34,54.2452984137796
2053,0,131456,149.13,53.24178903831088
2054,0,131520,153.10999999999999,50.640506514054536
2055,0,131584,151.39000000000001,53.93381963109974
2056,0,131648,149.69,52.53325518183696
2057,0,131712,150.94,50.227128128134105
2058,0,131776,149.73,53.18563809902068
2059,0,131840,153.68,46.3969352436128
2060,0,131904,154.24,48.01679289581927
2061,0,131968,154.29000000000002,51.57798852223688
2062,0,132032,151.07,48.82982797430276
2063,0,132096,148.11,50.8902240120831
2064,0,132160,152.09,51.75272843048954
2065,0,132224,152.09,50.13634310557562
2066,0,132288,148.29000000000002,51.00310676811757
2067,0,132352,149.25,52.45823576903821
2068,0,132416,151.32999999999998,48.99002041232479
2069,0,132480,154.85,46.352955677065516
2070,0,132544,152.77000000000004,48.61635630114622
2071,0,132608,151.35,48.124177915056386
2072,0,132672,153.09,50.73386344444901
2073,0,132736,157.3,48.70523585817032
2074,0,132800,152.69,50.32233003349508
2075,0,132864,150.85,49.52466557181381
2076,0,132928,151.05,50.180040852912825
2077,0,132992,152.23999999999998,52.71645283969702
2078,0,133056,157.8,44.155588547770485
2079,0,133120,152.33,53.85760949021039
2080,0,133184,151.36,54.125783135212004
2081,0,133248,154.66,48.55490088549249
2082,0,133312,155.62,47.88600630664453
2083,0,133376,154.07999999999998,50.20716681909068
2084,0,133440,152.51000000000002,47.606521612064874
2085,0,133504,152.7,49.80267061112285
2086,0,133568,150.17000000000002,49.999140992621065
2087,0,133632,150.29,49.355029125713216
2088,0,133696,155.47,47.37309468464141
2089,0,133760,148.45,52.64312395745525
2090,0,133824,154.0,45.255320129240054
2091,0,133888,154.16000000000003,46.13081833221692
2092,0,133952,145.84,48.71359563817888
2093,0,134016,148.76,46.41097284048245
2094,0,134080,150.08999999999997,44.82484690436767
2095,0,134144,148.56,48.768149442028246
2096,0,134208,148.6,44.82767002644683
2097,0,134272,142.58,50.70334900181644
2098,0,134336,146.57,43.33631387185578
2099,0,134400,149.88,39.05746535555015
2100,0,134464,146.64000000000001,46.922983707347505
2101,0,134528,146.3,46.90349667135703
2102,0,134592,146.63,42.52568753118519
2103,0,134656,143.06,46.778738760253034
2104,0,134720,147.44,45.70696227053379
2105,0,134784,148.70999999999998,46.282360570740124
2106,0,134848,147.79,46.91037092157767
2107,0,134912,149.96,47.951917584180094
2108,0,134976,145.98,44.29148450887597
2109,0,135040,148.20999999999998,43.01784397200771
2110,0,135104,154.84,40.14302430061791
2111,0,135168,149.74,46.15103899155468
2112,0,135232,151.99,42.089154184896614
2113,0,135296,151.73,43.99350065634695
2114,0,135360,152.10999999999999,40.06415979401041
2115,0,135424,148.06,46.69777724902975
2116,0,135488,151.43,44.27462139872006
2117,0,135552,151.53,49.121320218414326
2118,0,135616,149.87,44.26599259024923
2119,0,135680,147.0,47.808806720101266
2120,0,135744,150.83,44.116211306049394
2121,0,135808,152.29000000000002,43.58571899143113
2122,0,135872,153.48000000000002,48.74149772011524
2123,0,135936,151.8,42.918574067645814
2124,0,136000,154.17000000000002,39.39337634679211
2125,0,136064,149.66,43.86060191105452
2126,0,136128,151.31,44.44642730299029
2127,0,136192,152.22,42.01349307067909
2128,0,136256,154.41,37.90425965508363
2129,0,136320,158.02000000000004,36.61624775970362
2130,0,136384,153.72,40.49169791451082
2131,0,136448,154.66,41.99271841641119
2132,0,136512,154.91000000000003,41.58140089030191
2133,0,136576,149.66,43.188799473937685
2134,0,136640,147.26,44.612289786559934
2135,0,136704,150.13,39.88009653950201
2136,0,136768,153.44,40.901276263706
2137,0,136832,157.26,38.77744705366768
2138,0,136896,152.02,40.94810862542981
2139,0,136960,151.17000000000002,42.3982558603535
2140,0,137024,150.25,44.08177060872215
2141,0,137088,150.62,43.13684735814615
2142,0,137152,153.89000000000001,39.57406852978349
2143,0,137216,155.26,44.542433700910415
2144,0,137280,152.68,42.9284940336835
2145,0,137344,154.47,44.84796650908489
2146,0,137408,151.97,41.12950400867971
2147,0,137472,153.26999999999998,43.548181362715944
2148,0,137536,154.26999999999998,45.99360933868965
2149,0,137600,152.19,47.332239541352784
2150,0,137664,155.52,45.51087342602864
2151,0,137728,153.4,48.47551959494607
2152,0,137792,153.56,46.029103836594516
2153,0,137856,154.88000000000002,46.01797040287631
2154,0,137920,154.76000000000002,46.90013219597574
2155,0,137984,151.27,47.46034239235954
2156,0,138048,154.50000000000003,48.90417160120392
2157,0,138112,153.98999999999998,42.75617967031199
2158,0,138176,156.73,49.24784360761393
2159,0,138240,156.58999999999997,44.64729443090589
2160,0,138304,155.71,49.994628711492595
2161,0,138368,158.31,45.547260071271026
2162,0,138432,155.22,45.939129290834416
2163,0,138496,153.74,49.95988791020252
2164,0,138560,155.63,46.93457254519317
2165,0,138624,153.8,48.16324324627651
2166,0,138688,155.0,46.51277243940636
2167,0,138752,154.02999999999997,46.035161561571606
2168,0,138816,156.16000000000003,43.77668786009285
2169,0,138880,154.0,49.270356199240126
2170,0,138944,155.55,48.41390812566158
2171,0,139008,157.15,48.84283468432192
2172,0,139072,159.9,40.13248061109604
2173,0,139136,156.03,50.54133061168849
2174,0,139200,157.47,45.96840327877399
2175,0,139264,156.17,46.702784713547864
2176,0,139328,158.32999999999998,46.101345967335924
2177,0,139392,156.44,46.567160102372576
2178,0,139456,154.35999999999999,49.83095824886372
2179,0,139520,156.76,44.87315901516184
2180,0,139584,156.47000000000003,46.86137108536198
2181,0,139648,154.47,51.47189621531346
2182,0,139712,151.58999999999997,50.725643416323464
2183,0,139776,155.26000000000002,48.13915661911828
2184,0,139840,150.85,52.94569387589514
2185,0,139904,153.84999999999997,48.19548215341351
2186,0,139968,153.59,47.40783585020518
2187,0,140032,154.39,46.702407860837326
2188,0,140096,151.95,45.72769948291735
2189,0,140160,152.81,43.32307583724868
2190,0,140224,149.33,47.611659286355476
2191,0,140288,153.7,37.828877858059705
2192,0,140352,151.19000000000003,42.7241255030457
2193,0,140416,151.62,44.51307223726532
2194,0,140480,148.82000000000002,45.348953681424675
2195,0,140544,149.07,46.36037208651371
2196,0,140608,149.71,44.845299642214464
2197,0,140672,152.78,41.83662988339285
2198,0,140736,146.5,47.60695327365531
2199,0,140800,147.06,46.08052083038993
2200,0,140864,146.45999999999998,46.08633636990469
2201,0,140928,148.19,49.755953412631946
2202,0,140992,149.64999999999998,46.628837643672824
2203,0,141056,148.45,49.69086938261395
2204,0,141120,147.70999999999998,40.673835570302444
2205,0,141184,149.96999999999997,46.13391485664315
2206,0,141248,152.76,45.04316152314355
2207,0,141312,151.8,45.36917455718144
2208,0,141376,153.41000000000003,44.7311848714071
2209,0,141440,152.89,46.44063845383696
2210,0,141504,152.33,44.46585319095992
2211,0,141568,152.2,44.250107344502574
2212,0,141632,151.88,42.49999529411738
2213,0,141696,144.49,45.30822110831543
2214,0,141760,149.97,39.9785955231046
2215,0,141824,150.1,43.00746446839199
2216,0,141888,145.03000000000003,46.918526191686794
2217,0,141952,149.02,44.679341982621004
2218,0,142016,151.24,48.19703725334162
2219,0,142080,148.72,45.44963806236525
2220,0,142144,146.01000000000002,51.32064789146762
2221,0,142208,149.33,47.28725092453568
2222,0,142272,151.95,39.272363055971056
2223,0,142336,147.72000000000003,47.57093230114373
2224,0,142400,147.58,46.96598343482227
2225,0,142464,149.98,45.57547147315099
2226,0,142528,146.08999999999997,44.69327578059142
2227,0,142592,143.46999999999997,44.89596975230627
2228,0,142656,148.54000000000002,42.99526020388759
2229,0,142720,148.75,44.37777033605902
2230,0,142784,147.76,46.234428730114104
2231,0,142848,142.33,45.79711890501411
2232,0,142912,145.86,45.98498015656852
2233,0,142976,144.66000000000003,44.207108025746265
2234,0,143040,148.52,41.46325602265215
2235,0,143104,147.10999999999999,39.24113785302358
2236,0,143168,148.35999999999999,37.72874766010661
2237,0,143232,143.88,44.507051126759684
2238,0,143296,149.56,42.14072139866616
2239,0,143360,142.01000000000002,48.12015066476829
2240,0,143424,145.86,41.115914193898206
2241,0,143488,144.23999999999998,46.13057987929482
2242,0,143552,145.23,44.230691832708196
2243,0,143616,147.39,42.22107175333189
2244,0,143680,148.73000000000002,40.87649813768298
2245,0,143744,145.37,45.851980328007635
2246,0,143808,143.3,46.30654381402265
2247,0,143872,147.55,44.45276706797902
2248,0,143936,145.17000000000002,47.42012336550802
2249,0,144000,147.05,45.52834831179361
2250,0,144064,150.13,42.689016151698794
2251,0,144128,143.2,48.5652962515416
2252,0,144192,145.4,43.97399231363921
2253,0,144256,146.74,47.717925353057836
2254,0,144320,145.48999999999998,49.05770989355292
2255,0,144384,144.45,49.66037152498962
2256,0,144448,146.49,45.73669096032199
2257,0,144512,143.45,48.580042198417246
2258,0,144576,144.79999999999998,47.95823182728904
2259,0,144640,147.46,48.76490951493707
2260,0,144704,143.78,49.68359487798764
2261,0,144768,147.31,47.760285803164955
2262,0,144832,146.12,47.70127461609385
2263,0,144896,147.85999999999999,47.93014083017074
2264,0,144960,145.82,48.94261537760319
2265,0,145024,147.85999999999999,48.3722482421481
2266,0,145088,149.53000000000003,50.38239871224871
2267,0,145152,149.52,48.29966459510874
2268,0,145216,146.84,50.47108479119505
2269,0,145280,152.28,48.318770679726526
2270,0,145344,152.48000000000002,46.76718507671805
2271,0,145408,152.70999999999998,48.229212102210425
2272,0,145472,150.45,51.97319020418123
2273,0,145536,156.33999999999997,45.609345533563626
2274,0,145600,153.82999999999998,52.2272926734672
2275,0,145664,158.64,47.86723722965427
2276,0,145728,160.10999999999999,49.304795912771
2277,0,145792,156.88,50.94153119017919
2278,0,145856,162.74999999999997,41.3943776375488
2279,0,145920,157.18,49.60426997749287
2280,0,145984,156.32999999999998,51.76933551823898
2281,0,146048,156.7,51.83902005246627
2282,0,146112,153.92000000000002,55.734492013474025
2283,0,146176,156.20999999999998,51.74911496827748
2284,0,146240,154.84,52.51862907578605
2285,0,146304,155.98999999999998,52.75830645500289
2286,0,146368,154.77000000000004,53.97064109309801
2287,0,146432,155.75000000000003,50.85385432786781
2288,0,146496,156.62,49.49140935556392
2289,0,146560,159.21999999999997,45.57411107196717
2290,0,146624,157.33,48.55195258689397
2291,0,146688,158.57999999999998,46.720226883010746
2292,0,146752,154.21,54.40377652332602
2293,0,146816,155.49,50.46879134673229
2294,0,146880,154.57,48.2054156708559
2295,0,146944,155.10000000000002,50.72482626880056
2296,0,147008,154.21999999999997,54.78831627272369
2297,0,147072,155.43,46.87696769203401
2298,0,147136,152.39,54.123404364470645
2299,0,147200,156.71,49.83435461606783
2300,0,147264,152.24,54.87928935399948
2301,0,147328,152.58,53.539813223432155
2302,0,147392,152.23,52.063558272557586
2303,0,147456,157.66,45.27807858114122
2304,0,147520,154.22,52.903190830043506
2305,0,147584,154.15,52.744748553766
2306,0,147648,155.53,49.14558067619102
2307,0,147712,154.74,49.25468911687495
2308,0,147776,156.12999999999997,47.866419335479854
2309,0,147840,154.19,49.94051361369846
2310,0,147904,152.67,49.51615998843206
2311,0,147968,152.55,51.72311378871152
2312,0,148032,154.73,48.27456991004684
2313,0,148096,154.14,49.07421318778326
2314,0,148160,153.52,53.34044994185932
2315,0,148224,153.57,51.49483566339444
2316,0,148288,155.54,46.86218518165793
2317,0,148352,155.78000000000003,47.50127998275415
2318,0,148416,155.85,48.836671672013026
2319,0,148480,155.04,51.80253275661336
2320,0,148544,152.14000000000001,53.100060263619284
2321,0,148608,152.91,51.85646439933984
2322,0,148672,150.8,52.97067113035288
2323,0,148736,154.68,48.738604822050455
2324,0,148800,154.78,50.6976291358876
2325,0,148864,153.08,50.823592946583375
2326,0,148928,152.71,53.30282262694913
2327,0,148992,154.29000000000002,51.43690212289228
2328,0,149056,153.12,51.00013333315904
2329,0,149120,152.36999999999998,53.69780349325287
2330,0,149184,152.01,50.15704237691852
2331,0,149248,152.47,45.79397449446816
2332,0,149312,153.79,48.52826908102122
2333,0,149376,151.16000000000003,48.27349583363525
2334,0,149440,155.17000000000002,44.235077709889914
2335,0,149504,148.11,49.6326394623538
2336,0,149568,150.57999999999998,47.6472832383967
2337,0,149632,145.53,50.112554315261164
2338,0,149696,147.18,47.09489993619267
2339,0,149760,145.20999999999998,49.95640999911823
2340,0,149824,149.5,45.63209396904771
2341,0,149888,144.1,50.9371377287731
2342,0,149952,144.89999999999998,52.49455209828921
2343,0,150016,145.14,50.80673577391093
2344,0,150080,149.33999999999997,49.25483123511845
2345,0,150144,149.67,49.18247757077718
2346,0,150208,147.78,51.524592186644234
2347,0,150272,150.42,53.0259898540329
2348,0,150336,148.95999999999998,53.58272482806375
2349,0,150400,144.97,56.270970313297425
2350,0,150464,149.9,48.819381397145946
2351,0,150528,146.51,52.00891173635533
2352,0,150592,146.78000000000003,52.583586792838695
2353,0,150656,145.13,55.30795693207262
2354,0,150720,145.07999999999998,52.88814233833516
2355,0,150784,144.82,52.993127856355116
2356,0,150848,142.13,54.03295383374853
2357,0,150912,144.43,48.55808995419815
2358,0,150976,145.65,47.669555273780354
2359,0,151040,141.06,51.67065317953703
2360,0,151104,141.98999999999998,49.06622973084441
2361,0,151168,139.6,50.28691678757011
2362,0,151232,145.13,47.84847019498115
2363,0,151296,141.82999999999998,52.08777303744134
2364,0,151360,137.91,51.40740121811255
2365,0,151424,137.86,52.961083825767766
2366,0,151488,138.17,53.1910340189021
2367,0,151552,138.82,52.47061653916409
2368,0,151616,138.34,51.507440239250876
2369,0,151680,144.35,48.64346307573095
2370,0,151744,138.4,53.795613204052245
2371,0,151808,142.87,46.83784901124303
2372,0,151872,144.3,47.45016332953976
2373,0,151936,138.29000000000002,50.95948292516321
2374,0,152000,144.23000000000002,49.134408513790014
2375,0,152064,144.04000000000002,48.82133140339374
2376,0,152128,140.01,52.09449970966225
2377,0,152192,138.82,53.24578480969174
2378,0,152256,141.08999999999997,49.422777137672064
2379,0,152320,140.01,50.561575331470834
2380,0,152384,145.07,50.40892877258948
2381,0,152448,139.85,53.715216652267166
2382,0,152512,140.82,52.852053886296595
2383,0,152576,141.54000000000002,52.73574120082128
2384,0,152640,139.88,47.998329137585614
2385,0,152704,141.56,52.50447980886964
2386,0,152768,138.32,52.433878361227485
2387,0,152832,137.28,56.2412090908437
2388,0,152896,141.04000000000002,50.33009437702258
2389,0,152960,140.3,53.118565492678734
2390,0,153024,140.57999999999998,51.05776728373461
2391,0,153088,142.05,52.29344605206278
2392,0,153152,141.83,54.053640950448475
2393,0,153216,140.48,54.42695655647117
2394,0,153280,141.07,50.327548122275935
2395,0,153344,142.03000000000003,49.70476938886247
2396,0,153408,139.63000000000002,56.14244472767462
2397,0,153472,141.24,51.52444468405264
2398,0,153536,142.47,53.050165880984764
2399,0,153600,144.42,54.26963792029572
2400,0,153664,144.1,52.928687873401884
2401,0,153728,145.22999999999996,53.9423034361715
2402,0,153792,141.54000000000002,58.64994799656688
2403,0,153856,146.84,56.32118961811798
2404,0,153920,146.77,58.234681247517784
2405,0,153984,144.75,59.73227352110414
2406,0,154048,148.10999999999999,57.947932663728395
2407,0,154112,147.60999999999999,56.971070728923465
2408,0,154176,146.78000000000003,56.0320765276462
2409,0,154240,142.92000000000002,61.30645642997155
2410,0,154304,143.29000000000002,60.77723998340168
2411,0,154368,143.57999999999998,59.842957814600034
2412,0,154432,146.59,57.755544322601615
2413,0,154496,146.37,58.34764862443045
2414,0,154560,147.89000000000001,56.28220766814323
2415,0,154624,148.45,56.7872212738042
2416,0,154688,150.32,55.68058548542751
2417,0,154752,147.2,59.67887398401548
2418,0,154816,146.04000000000002,57.95372636854338
2419,0,154880,147.5,57.15115046960997
2420,0,154944,146.26000000000002,59.207654910492785
2421,0,155008,145.94,57.35561350033666
2422,0,155072,145.81,58.20579782117929
2423,0,155136,146.64000000000001,58.25547527915294
2424,0,155200,143.82999999999998,59.609781915387
2425,0,155264,144.99,57.49972956458143
2426,0,155328,144.02,59.13308380255506
2427,0,155392,146.68,55.00650506985515
2428,0,155456,148.86999999999998,51.907110302924785
2429,0,155520,143.5,56.794982172723685
2430,0,155584,142.13,56.84378681966922
2431,0,155648,144.47,55.389440329362415
2432,0,155712,144.63,54.90530120125014
2433,0,155776,141.38000000000002,56.49932388975996
2434,0,155840,144.89000000000001,49.95260653859817
2435,0,155904,143.96,53.10331816374567
2436,0,155968,143.32,54.719590641743665
2437,0,156032,144.48999999999998,51.89095200514248
2438,0,156096,141.8,56.92974617895288
2439,0,156160,143.79000000000002,53.05978609078631
2440,0,156224,142.33999999999997,57.010563933362384
2441,0,156288,142.32999999999998,55.71319502595413
2442,0,156352,145.03,53.553357504455306
2443,0,156416,144.48,57.14911722852768
2444,0,156480,142.73999999999998,54.31477147148831
2445,0,156544,145.14000000000001,56.044253942754914
2446,0,156608,142.63,57.70904695106305
2447,0,156672,145.82999999999998,57.59604239876209
2448,0,156736,149.37,49.983858394485715
2449,0,156800,146.32,53.587046942334865
2450,0,156864,143.54,52.1435556900371
2451,0,156928,145.18,54.75600058441084
2452,0,156992,144.91,54.489291608535346
2453,0,157056,142.32,52.32901298515002
2454,0,157120,143.81,56.811098387551
2455,0,157184,143.48000000000002,57.7975224382499
2456,0,157248,146.73000000000002,51.854412541267884
2457,0,157312,145.77,52.761009277685346
2458,0,157376,144.28,54.206453490336365
2459,0,157440,141.33,56.52167814210756
2460,0,157504,142.81,55.81115390314019
2461,0,157568,145.93,54.632720049435584
2462,0,157632,141.53,56.00996429207932
2463,0,157696,141.35999999999999,58.596249026708186
2464,0,157760,142.65,50.40401273708275
2465,0,157824,142.35,55.2284392319754
2466,0,157888,139.48,57.4720244988812
2467,0,157952,141.77,56.36477712188704
2468,0,158016,141.46999999999997,55.88813917102626
2469,0,158080,141.7,55.217605887977435
2470,0,158144,140.33999999999997,58.92320765199397
2471,0,158208,143.54,58.58423337383532
2472,0,158272,144.6,57.77724465566007
2473,0,158336,142.13,60.29207327667544
2474,0,158400,145.0,59.52843018256066
2475,0,158464,144.52,58.95830391047558
2476,0,158528,145.84,56.41425706326372
2477,0,158592,144.31,55.5160418257642
2478,0,158656,145.18,57.43778895465946
2479,0,158720,143.05,58.28646927032036
2480,0,158784,143.92000000000002,54.47690886972204
2481,0,158848,146.69,56.296562061994514
2482,0,158912,144.44,56.649116497964904
2483,0,158976,145.1,55.23285254266704
2484,0,159040,142.18,58.53055270540336
2485,0,159104,145.12,57.108192056831925
2486,0,159168,143.04,56.47637027996753
2487,0,159232,141.77,56.38923744829327
2488,0,159296,144.42,55.35579102496865
2489,0,159360,141.17000000000002,58.662476081392946
2490,0,159424,141.69,59.038266404087445
2491,0,159488,139.97,58.40602794232801
2492,0,159552,144.4,53.31189360733681
2493,0,159616,140.01,56.93126469700106
2494,0,159680,140.2,57.882259803846644
2495,0,159744,140.57,56.3152741270075
2496,0,159808,140.2,55.33152808300165
2497,0,159872,138.17000000000002,58.16793016774793
2498,0,159936,138.6,59.781753068975824
2499,0,160000,136.76,59.128490594636354
2500,0,160064,137.60999999999999,59.316868595703866
2501,0,160128,137.73,58.405223225324626
2502,0,160192,142.41,55.36369658901038
2503,0,160256,139.24,57.21986018857439
2504,0,160320,139.98,57.78258907318017
2505,0,160384,141.22,55.89128375695087
2506,0,160448,141.32999999999998,58.93333606711909
2507,0,160512,140.28,59.42830638677162
2508,0,160576,142.51,57.3266857580307
2509,0,160640,137.5,58.96112278442465
2510,0,160704,141.5,55.94016446168173
2511,0,160768,139.60999999999999,55.42229605492721
2512,0,160832,140.75,55.1283275639666
2513,0,160896,140.13,54.80903301464093
2514,0,160960,140.9,52.65901632199371
2515,0,161024,136.10999999999999,57.30906472801663
2516,0,161088,136.58,55.40862387751567
2517,0,161152,137.1,54.10813247562699
2518,0,161216,134.94,55.265182529328534
2519,0,161280,132.70000000000002,53.90736498846888
2520,0,161344,134.26,55.257111759483045
2521,0,161408,130.36,57.36955987281059
2522,0,161472,137.95000000000002,51.069761111640226
2523,0,161536,133.32999999999998,55.7930112110827
2524,0,161600,136.19,52.07336075192382
2525,0,161664,131.09,52.971321486253295
2526,0,161728,132.24999999999997,53.9012105615449
2527,0,161792,133.81,53.88666718215184
2528,0,161856,132.07999999999998,53.02574469066889
2529,0,161920,132.56,54.185444540023845
2530,0,161984,131.18,55.55128801387057
2531,0,162048,131.35,56.091073264825305
2532,0,162112,130.17000000000002,54.406875484629694
2533,0,162176,129.91000000000003,54.29135198169226
2534,0,162240,129.99,54.230221279283015
2535,0,162304,128.7,56.89158109949133
2536,0,162368,131.27,55.869634865461585
2537,0,162432,128.57,55.53822197370024
2538,0,162496,127.88999999999999,55.742612963512926
2539,0,162560,130.39000000000001,54.544448846789166
2540,0,162624,131.45999999999998,52.94404971288086
2541,0,162688,132.06,52.929315128763946
2542,0,162752,132.37,53.79637627201297
2543,0,162816,130.85999999999999,55.3297605272244
2544,0,162880,131.26999999999998,55.38918757302728
2545,0,162944,129.63,54.92631518680276
2546,0,163008,132.79,54.43738513191096
2547,0,163072,131.26,53.207559613273
2548,0,163136,131.45,54.17802598840235
2549,0,163200,130.21,54.48897961973595
2550,0,163264,129.58,53.87266097010617
2551,0,163328,134.25000000000003,53.62458857651031
2552,0,163392,126.15,55.444445168114
2553,0,163456,130.3,51.99899999038443
2554,0,163520,130.34,55.058172871972424
2555,0,163584,129.95,54.6011034687029
2556,0,163648,131.22,53.25613204129643
2557,0,163712,128.29000000000002,53.61586425676639
2558,0,163776,130.52999999999997,53.706853380178586
2559,0,163840,128.46,53.700953436601104
2560,0,163904,127.47,55.034081258798174
2561,0,163968,130.85999999999996,52.74148651678297
2562,0,164032,129.02,52.026104985862624
2563,0,164096,131.09,52.085400065661396
2564,0,164160,131.42000000000002,50.352930401318254
2565,0,164224,130.2,53.349639174037534
2566,0,164288,133.35000000000002,51.1463830588244
2567,0,164352,127.32000000000001,53.02400965600394
2568,0,164416,133.32999999999998,53.34767192671111
2569,0,164480,130.97999999999996,53.43045573453403
2570,0,164544,126.84,54.321785684934916
2571,0,164608,129.51999999999998,51.516731262765504
2572,0,164672,130.21999999999997,52.486242006834516
2573,0,164736,129.42000000000002,52.93597642435625
2574,0,164800,127.5,53.672432402491324
2575,0,164864,128.87,54.12675955569482
2576,0,164928,128.82999999999998,52.6578398721406
2577,0,164992,132.1,53.821501279693045
2578,0,165056,127.09,54.08118804168414
2579,0,165120,126.39000000000001,54.74733692153437
2580,0,165184,128.11,55.42502052322579
2581,0,165248,130.46,52.23324994675327
2582,0,165312,128.93,51.23656994764579
2583,0,165376,128.82999999999998,53.518838739270116
2584,0,165440,131.79000000000002,51.96343810796203
2585,0,165504,132.05,52.85533558686389
2586,0,165568,128.66,50.46660678111815
2587,0,165632,130.01000000000002,52.80389095511807
2588,0,165696,131.68,52.39476691426349
2589,0,165760,131.02000000000004,53.082158961368556
2590,0,165824,133.22,48.7668699016043
2591,0,165888,130.61999999999998,50.133318262409084
2592,0,165952,129.9,48.702566667476574
2593,0,166016,132.27,46.7461239034853
2594,0,166080,133.94,49.75130551050897
2595,0,166144,129.62,50.64979368171207
2596,0,166208,133.53,48.71773906904958
2597,0,166272,128.95999999999998,51.04106581959276
2598,0,166336,131.04,47.452064233287054
2599,0,166400,129.74999999999997,50.454558763307006
2600,0,166464,131.88,51.86011569597584
2601,0,166528,130.71999999999997,51.587727222664114
2602,0,166592,133.69,52.52036652575837
2603,0,166656,127.75,49.85888586801755
2604,0,166720,129.52,50.541523522743155
2605,0,166784,130.67000000000002,49.580702899414405
2606,0,166848,130.60999999999999,51.71513221485564
2607,0,166912,131.75,49.290511257238954
2608,0,166976,129.42000000000002,51.07135792202906
2609,0,167040,130.39000000000001,48.15976432666588
2610,0,167104,133.44,47.68585115104899
2611,0,167168,130.67999999999998,49.498197946996015
2612,0,167232,131.3,48.9856101319561
2613,0,167296,131.28,49.886667557574945
2614,0,167360,131.76999999999998,49.22178481119919
2615,0,167424,130.28,49.97520985448685
2616,0,167488,132.34,51.092938846772164
2617,0,167552,128.82,50.80243694942203
2618,0,167616,128.90000000000003,51.49599984464813
2619,0,167680,129.13,51.21136690228059
2620,0,167744,128.68,51.52107918124387
2621,0,167808,131.44,50.0509780124225
2622,0,167872,131.57,49.28216817470595
2623,0,167936,134.68,48.284589674139305
2624,0,168000,127.94000000000001,53.92725099613367
2625,0,168064,132.09999999999997,49.722328988091455
2626,0,168128,130.31,50.87660464299873
2627,0,168192,130.73,48.84299437995176
2628,0,168256,128.98000000000002,51.96483041442549
2629,0,168320,125.71,53.15258131078866
2630,0,168384,128.04,52.298531528141396
2631,0,168448,126.84999999999998,52.414430264956614
2632,0,168512,127.19000000000001,50.73518404421137
2633,0,168576,127.53,54.117705975031875
2634,0,168640,122.62,54.73068243681966
2635,0,168704,127.8,54.738560448736685
2636,0,168768,125.25999999999999,57.69232531281782
2637,0,168832,123.34,54.57193784354739
2638,0,168896,124.94999999999997,53.852674028315434
2639,0,168960,124.43000000000002,55.759430592501566
2640,0,169024,124.88999999999999,53.289613434514614
2641,0,169088,121.67999999999999,53.024707448509325
2642,0,169152,126.67999999999999,54.11587197856097
2643,0,169216,125.24000000000001,55.348427258595166
2644,0,169280,124.55,52.29172496676697
2645,0,169344,126.08,53.82263092789129
2646,0,169408,124.63999999999999,50.615456137429014
2647,0,169472,127.25999999999999,48.48249581034376
2648,0,169536,131.46999999999997,50.63601583853137
2649,0,169600,129.32,48.15455949336469
2650,0,169664,125.08000000000001,50.87295548717413
2651,0,169728,129.76,50.09179972809921
2652,0,169792,126.61999999999998,50.62623430594063
2653,0,169856,130.3,49.8160817407391
2654,0,169920,126.85,52.512498512258965
2655,0,169984,129.72,50.22192349960324
2656,0,170048,130.41000000000003,49.47610433330417
2657,0,170112,124.65,51.068586234592395
2658,0,170176,128.38000000000002,55.1314574449107
2659,0,170240,132.95000000000002,53.63174899255104
2660,0,170304,129.64000000000001,53.78669352172524
2661,0,170368,133.35,54.226160660699556
2662,0,170432,131.13,51.048252663533944
2663,0,170496,131.22999999999996,53.61871035375618
2664,0,170560,130.24,52.42673363847876
2665,0,170624,127.85,56.091822042076686
2666,0,170688,130.87,51.494796824533644
2667,0,170752,130.35999999999999,54.085436117313506
2668,0,170816,130.98999999999998,54.477820257422195
2669,0,170880,127.74999999999997,55.52416140744496
2670,0,170944,132.42000000000002,55.147797780147116
2671,0,171008,130.05,55.940383445235696
2672,0,171072,130.11,53.95417407393055
2673,0,171136,131.35,54.131363367275355
2674,0,171200,134.32,53.882034111566355
2675,0,171264,129.5,56.21012364334383
2676,0,171328,132.67000000000002,53.96278439813868
2677,0,171392,133.13,52.304111693059085
2678,0,171456,128.9,56.64711819678032
2679,0,171520,130.69,56.47641011962428
2680,0,171584,131.92000000000002,55.305656130272965
2681,0,171648,131.18,56.74248496497135
2682,0,171712,130.16000000000003,55.3618316170988
2683,0,171776,133.01999999999998,53.93247259304917
2684,0,171840,129.73,54.48264035452026
2685,0,171904,130.6,54.308544447444
2686,0,171968,129.97,52.185056290091325
2687,0,172032,131.73,52.415227749195175
2688,0,172096,129.56,52.45348796791306
2689,0,172160,127.56999999999998,52.501105702642114
2690,0,172224,127.67999999999999,51.882266719949705
2691,0,172288,130.76999999999998,50.22839933742663
2692,0,172352,126.92,49.008444170367206
2693,0,172416,127.73999999999998,51.77430250616614
2694,0,172480,125.59,53.43381794332125
2695,0,172544,128.76000000000002,52.48876451203629
2696,0,172608,130.45999999999998,51.156274297489645
2697,0,172672,132.53,49.308742632519035
2698,0,172736,131.48,51.065855520102666
2699,0,172800,132.48000000000002,49.60285878858193
2700,0,172864,136.26999999999998,52.39549694391685
2701,0,172928,134.46999999999997,54.48943108530314
2702,0,172992,136.86999999999998,55.969635517841276
2703,0,173056,134.56,55.564002735584126
2704,0,173120,138.73,54.202325595863506
2705,0,173184,136.74,56.919279686236365
2706,0,173248,135.45,57.40899319793023
2707,0,173312,132.37,57.705303915671394
2708,0,173376,136.63000000000002,55.41692972368642
2709,0,173440,135.45999999999998,55.93099677280926
2710,0,173504,139.3,56.20396783146187
2711,0,173568,136.95,56.60170050449014
2712,0,173632,136.85,53.762705475078164
2713,0,173696,136.6,56.76417884546556
2714,0,173760,135.63000000000002,55.259769272048175
2715,0,173824,134.46,53.9840013337285
2716,0,173888,136.23,54.43473247844614
2717,0,173952,130.8,54.363296441625025
2718,0,174016,134.95999999999998,54.86618630814429
2719,0,174080,132.1,52.608231295111985
2720,0,174144,133.16,51.7750557701293
2721,0,174208,133.79000000000002,53.721717210081806
2722,0,174272,132.42000000000002,53.47339151391092
2723,0,174336,131.28,54.888118932971274
2724,0,174400,130.54000000000002,52.390251001498356
2725,0,174464,132.95,54.35226306236016
2726,0,174528,128.66,54.568419438352805
2727,0,174592,129.57999999999998,49.98165263374152
2728,0,174656,127.55999999999999,51.581027519815855
2729,0,174720,128.99000000000004,48.01002916058268
2730,0,174784,129.35,52.987229593553955
2731,0,174848,130.76,51.94684205993662
2732,0,174912,129.76,53.37398617304127
2733,0,174976,131.93,52.93207061886017
2734,0,175040,127.82000000000001,53.64611449117261
2735,0,175104,129.22,52.75285395123187
2736,0,175168,129.01000000000002,55.05069391024966
2737,0,175232,131.37,54.079775332373565
2738,0,175296,130.57,53.691098889853244
2739,0,175360,130.22,54.781562591806384
2740,0,175424,131.97,55.143559007376375
2741,0,175488,132.39,53.46945763704734
2742,0,175552,127.75999999999999,52.18007665766696
2743,0,175616,133.02000000000004,52.43782604189461
2744,0,175680,131.33999999999997,53.77373336490596
2745,0,175744,134.82,53.3372252746616
2746,0,175808,131.28,51.61173897477202
2747,0,175872,129.32,52.45328969664343
2748,0,175936,132.23,54.826582056517076
2749,0,176000,126.35,54.40601529242883
2750,0,176064,129.29,53.622876647938234
2751,0,176128,130.73999999999998,52.715769936518996
2752,0,176192,131.24,50.885306327072456
2753,0,176256,131.92000000000002,54.055504807558684
2754,0,176320,129.5,54.83655714940536
2755,0,176384,127.34,51.87974942113734
2756,0,176448,130.89999999999998,53.42130661075223
2757,0,176512,129.42000000000002,52.17177014439898
2758,0,176576,126.9,52.78857831008522
2759,0,176640,129.76,50.35083316093191
2760,0,176704,129.82,51.59933720504557
2761,0,176768,127.08999999999999,50.920554788808026
2762,0,176832,128.14000000000001,51.49237225065475
2763,0,176896,126.55,50.47031305629083
2764,0,176960,127.88,52.294833396808905
2765,0,177024,127.63,51.07151946045858
2766,0,177088,128.81,52.38031023199462
2767,0,177152,127.97999999999998,53.80114868662192
2768,0,177216,128.42000000000002,51.679702011524796
2769,0,177280,127.25,54.50574740337022
2770,0,177344,128.02,51.21249456919668
2771,0,177408,131.45,53.483908795075926
2772,0,177472,129.57999999999998,52.5089478089211
2773,0,177536,128.15,53.33972722089981
2774,0,177600,128.2,53.01601644786225
2775,0,177664,131.17000000000002,55.92625590900932
2776,0,177728,132.58999999999997,53.80944991356073
2777,0,177792,128.64000000000001,53.68476878966697
2778,0,177856,128.49,51.84475769062866
2779,0,177920,125.65,54.438355044949695
2780,0,177984,128.25,54.72846151683784
2781,0,178048,130.23000000000002,54.09957578391905
2782,0,178112,126.87,54.71583043324848
2783,0,178176,127.15,53.1875220328979
2784,0,178240,128.67000000000002,53.96395185677195
2785,0,178304,126.07000000000001,52.911228486966735
2786,0,178368,126.10999999999999,52.67451850752886
2787,0,178432,123.72999999999999,54.51834645328121
2788,0,178496,123.75,54.305658084586355
2789,0,178560,123.30999999999999,51.94001251443823
2790,0,178624,125.42,53.556863238991134
2791,0,178688,121.38000000000002,53.86983942801389
2792,0,178752,125.58,53.04603283941223
2793,0,178816,123.33999999999999,52.32246553823701
2794,0,178880,126.19000000000001,52.300391011922656
2795,0,178944,125.25,54.85623483251471
2796,0,179008,125.79,53.845323845251414
2797,0,179072,126.67,54.94142426257259
2798,0,179136,126.96,53.09004049725334
2799,0,179200,127.78999999999999,53.58258019170036
2800,0,179264,126.25,54.80702965861222
2801,0,179328,128.14,53.94705181935339
2802,0,179392,127.36000000000001,55.08787888456043
2803,0,179456,127.18999999999998,55.26361280263895
2804,0,179520,129.21999999999997,55.79691389315362
2805,0,179584,126.85999999999999,54.20548311748545
2806,0,179648,124.76000000000002,55.65407801769786
2807,0,179712,124.99000000000001,56.3703902771659
2808,0,179776,126.16000000000001,55.93130071793431
2809,0,179840,124.55999999999999,54.15332307439683
2810,0,179904,123.44000000000001,54.15108863171635
2811,0,179968,127.79,55.81627809161051
2812,0,180032,128.06,55.26708242706503
2813,0,180096,127.23000000000002,54.91919609753952
2814,0,180160,124.71000000000001,55.655861326548525
2815,0,180224,124.73999999999998,54.12212486589935
2816,0,180288,125.26000000000002,54.00281844496637
2817,0,180352,126.57000000000001,55.826123813139674
2818,0,180416,127.57000000000001,53.830661337197036
2819,0,180480,126.58,54.89782873666317
2820,0,180544,126.28999999999999,56.521278294107965
2821,0,180608,129.05,54.356126609610435
2822,0,180672,124.13,54.57103719006997
2823,0,180736,122.89000000000001,55.23112256690063
2824,0,180800,126.79,55.37379253762559
2825,0,180864,127.52999999999997,55.49958648494599
2826,0,180928,125.43000000000002,52.944651287925204
2827,0,180992,127.09,55.854694520693606
2828,0,181056,123.56999999999998,53.50581370281177
2829,0,181120,127.52000000000002,54.47143838747054
2830,0,181184,127.97,54.137030764533066
2831,0,181248,126.67999999999999,52.88683768197906
2832,0,181312,129.03,56.730609903296475
2833,0,181376,129.9,55.58803828163034
2834,0,181440,128.93,55.6238447071038
2835,0,181504,133.47,54.110425058393325
2836,0,181568,125.23000000000002,52.833001996857995
2837,0,181632,126.15,52.12437529601674
2838,0,181696,125.13,51.85772941423487
2839,0,181760,127.48999999999998,51.318757779198044
2840,0,181824,126.99000000000001,54.017635083368845
2841,0,181888,124.67999999999999,51.43550913522681
2842,0,181952,124.14000000000001,48.77610480552952
2843,0,182016,126.08,51.50003495144445
2844,0,182080,126.17999999999999,50.36978856417803
2845,0,182144,121.65,48.653350347124096
2846,0,182208,119.82000000000001,48.760000000000005
2847,0,182272,121.83999999999999,48.07958402482284
2848,0,182336,119.08,46.145006230360394
2849,0,182400,118.85999999999999,45.446456407513224
2850,0,182464,116.3,45.91622806808068
2851,0,182528,117.58999999999999,45.89528189258674
2852,0,182592,119.08,47.64291762686244
2853,0,182656,119.85999999999999,45.87786394330059
2854,0,182720,118.10999999999999,46.67563497157805
2855,0,182784,114.03,46.251357817906275
2856,0,182848,118.25,47.029485432013814
2857,0,182912,115.0,46.6290681871298
2858,0,182976,117.58999999999999,47.71608638603967
2859,0,183040,117.52999999999997,46.577399025707734
2860,0,183104,116.86000000000001,46.989428598356035
2861,0,183168,116.05999999999999,45.68418106960001
2862,0,183232,115.99000000000004,47.84663938042045
2863,0,183296,115.38999999999999,48.66817132377176
2864,0,183360,115.63,48.42451961558318
2865,0,183424,119.65,47.15682877378419
2866,0,183488,121.35999999999999,49.69785106018167
2867,0,183552,117.32000000000001,47.52344263624006
2868,0,183616,115.86999999999998,47.42206343043288
2869,0,183680,119.2,47.79594125027772
2870,0,183744,119.71000000000001,50.80445748160294
2871,0,183808,120.00999999999999,51.200868156702185
2872,0,183872,117.17999999999999,46.4190865916166
2873,0,183936,117.49000000000001,49.537853203383776
2874,0,184000,115.80999999999999,49.84996389166195
2875,0,184064,117.9,49.07416835770118
2876,0,184128,117.42999999999998,49.89495064633294
2877,0,184192,117.97999999999999,50.2495134304801
2878,0,184256,117.84,49.502832242206104
2879,0,184320,117.17,48.184728908649056
2880,0,184384,114.77000000000001,47.61963985584099
2881,0,184448,117.46999999999998,51.05064250330254
2882,0,184512,113.79,50.54127916861622
2883,0,184576,114.5,50.51920426926774
2884,0,184640,112.92999999999999,48.538666030289704
2885,0,184704,115.55999999999999,51.40630700604742
2886,0,184768,114.26000000000002,49.89182698599039
2887,0,184832,112.34,48.48210391474363
2888,0,184896,116.67999999999999,47.99416214499426
2889,0,184960,116.28999999999999,49.93819079622329
2890,0,185024,111.34,49.62054413244579
2891,0,185088,113.24000000000001,46.80679865147797
2892,0,185152,111.65,48.220270633831994
2893,0,185216,110.61000000000001,48.59142825643222
2894,0,185280,113.87,51.29267101643275
2895,0,185344,114.33999999999999,50.33663079706467
2896,0,185408,118.33,54.21177086205541
2897,0,185472,116.17999999999999,49.612131580894605
2898,0,185536,113.92999999999999,49.55185263943216
2899,0,185600,115.63,51.1081607964912
2900,0,185664,113.71999999999998,50.008155334905126
2901,0,185728,116.39000000000001,52.514044788037424
2902,0,185792,118.47,53.61130571064279
2903,0,185856,114.88999999999999,50.60307204113205
2904,0,185920,120.36000000000001,51.92385193723594
2905,0,185984,119.98999999999998,54.69338991139605
2906,0,186048,118.27000000000001,54.027882616293596
2907,0,186112,117.93999999999998,52.33796327714712
2908,0,186176,119.03999999999999,52.39819080846208
2909,0,186240,116.91000000000001,50.687009183813565
2910,0,186304,117.67,53.16156600402212
2911,0,186368,119.50999999999999,49.62058947654693
2912,0,186432,118.21999999999998,53.26809176232991
2913,0,186496,119.57000000000001,52.87424798519597
2914,0,186560,117.00999999999999,49.4824302151784
2915,0,186624,118.44000000000001,51.32064302013372
2916,0,186688,118.67,50.402818373579066
2917,0,186752,123.32000000000001,52.188117421497395
2918,0,186816,122.24000000000004,53.982056277989265
2919,0,186880,118.23999999999998,52.44151408950737
2920,0,186944,122.39999999999998,54.61439370715379
2921,0,187008,124.30999999999999,55.89254780379939
2922,0,187072,123.45,55.72290821556248
2923,0,187136,124.28,54.04682784400949
2924,0,187200,125.86000000000001,53.674131571922054
2925,0,187264,126.69000000000001,56.184472054118295
2926,0,187328,125.08,54.79054297960552
2927,0,187392,123.93999999999998,50.94591642124028
2928,0,187456,122.45,56.11460148660061
2929,0,187520,125.95,53.90237935379105
2930,0,187584,125.1,54.35185369423936
2931,0,187648,122.03,55.143232585694506
2932,0,187712,127.10999999999999,54.821792199817764
2933,0,187776,123.85999999999999,54.10081699937626
2934,0,187840,128.68,52.81804237190167
2935,0,187904,125.21000000000001,53.047685152134584
2936,0,187968,126.18999999999998,53.7593982481203
2937,0,188032,128.51,53.1386008472184
2938,0,188096,127.05999999999999,51.985117100954966
2939,0,188160,127.62,53.3482483311308
2940,0,188224,129.61,53.654924284728985
2941,0,188288,128.7,53.53256952547673
2942,0,188352,125.66000000000001,56.169123190592884
2943,0,188416,129.35999999999999,55.75625884149689
2944,0,188480,128.58999999999997,54.562651145266024
2945,0,188544,129.2,55.58814621841603
2946,0,188608,127.11000000000001,55.218700636650254
2947,0,188672,128.45,55.085882946540856
2948,0,188736,126.25,58.34648661230597
2949,0,188800,127.35,56.56018475924562
2950,0,188864,128.95999999999998,56.00609252572438
2951,0,188928,125.00999999999999,55.15772747312927
2952,0,188992,126.0,54.92868103277194
2953,0,189056,126.72999999999998,57.01745434513891
2954,0,189120,126.57000000000001,55.051522231451514
2955,0,189184,121.58,54.81798609945462
2956,0,189248,122.80999999999999,56.513316129917555
2957,0,189312,124.35,55.214948157179315
2958,0,189376,121.88,55.92322952047744
2959,0,189440,123.41000000000001,56.19050542573897
2960,0,189504,120.53999999999999,56.63871820583513
2961,0,189568,123.21000000000001,54.69788752776473
2962,0,189632,122.17,57.01403423719462
2963,0,189696,123.16999999999999,56.727807114324456
2964,0,189760,124.35,56.43295579712265
2965,0,189824,122.55999999999999,57.05310158089567
2966,0,189888,120.51000000000002,55.41435644307349
2967,0,189952,121.13,58.84381105944787
2968,0,190016,123.18999999999998,55.98775669733518
2969,0,190080,120.08999999999999,55.89993649370274
2970,0,190144,118.53,56.02294262175096
2971,0,190208,122.03,57.026784058019615
2972,0,190272,124.80999999999999,56.109721974003754
2973,0,190336,124.28000000000002,55.95135029648525
2974,0,190400,124.74999999999997,55.58066660269558
2975,0,190464,125.75999999999999,57.2640061469681
2976,0,190528,125.09,54.834358754343064
2977,0,190592,126.14000000000001,58.23660704402344
2978,0,190656,121.60999999999999,54.52640552979813
2979,0,190720,125.72999999999999,56.58883370418585
2980,0,190784,124.39000000000001,55.17534684983865
2981,0,190848,123.4,52.92908463217553
2982,0,190912,126.65,53.11969973559715
2983,0,190976,125.53,52.78077396173724
2984,0,191040,125.21,54.52196713252375
2985,0,191104,125.78000000000002,53.856212269338066
2986,0,191168,129.41,52.130959131786554
2987,0,191232,127.58,51.21434955166374
2988,0,191296,129.45999999999998,51.35278376096081
2989,0,191360,127.0,50.89052957083469
2990,0,191424,129.25,52.28346296870551
2991,0,191488,128.60000000000002,51.31453984983203
2992,0,191552,126.92999999999999,52.66670770040596
2993,0,191616,129.17000000000002,52.31
2994,0,191680,128.86,51.431492298007456
2995,0,191744,129.64,53.457744060145295
2996,0,191808,126.2,51.06294155255845
2997,0,191872,123.91000000000001,51.02715845508155
2998,0,191936,129.59,52.89333511889754
2999,0,192000,125.94000000000001,53.73781164133872
3000,0,192064,127.65,49.97067640126557
3001,0,192128,130.22,53.410613177532426
3002,0,192192,125.64000000000001,53.09586047894883
3003,0,192256,127.39000000000001,53.9670908980649
3004,0,192320,128.29000000000002,52.32677039527665
3005,0,192384,126.16000000000001,50.826040569770925
3006,0,192448,125.58999999999999,53.1795722058762
3007,0,192512,124.87,53.79275137042164
3008,0,192576,127.77000000000001,51.322237870147475
3009,0,192640,126.83,50.282483033358645
3010,0,192704,126.30999999999999,49.76007335203597
3011,0,192768,125.76000000000002,48.079396834818965
3012,0,192832,124.91,49.8258457028077
3013,0,192896,124.94000000000001,49.411622114640195
3014,0,192960,124.75,50.81382193852377
3015,0,193024,128.39,50.51854016101416
3016,0,193088,128.85999999999999,49.49440776491825
3017,0,193152,125.86000000000001,49.34266308175918
3018,0,193216,127.42999999999999,49.244066647668326
3019,0,193280,126.58000000000001,49.82595307668485
3020,0,193344,129.60999999999999,49.760153737704634
3021,0,193408,126.86000000000001,50.50707277203857
3022,0,193472,125.80999999999999,51.66820008477167
3023,0,193536,127.78999999999999,51.09570334186623
3024,0,193600,124.16000000000001,52.77130280749188
3025,0,193664,124.28,52.091454193562306
3026,0,193728,121.58,53.449224503261036
3027,0,193792,123.87,55.1674550799654
3028,0,193856,124.24000000000001,53.39110787387728
3029,0,193920,125.74999999999997,54.93724146696847
3030,0,193984,123.22999999999999,51.61749800213102
3031,0,194048,126.49000000000001,51.25004292681129
3032,0,194112,124.63999999999999,52.64525049802688
3033,0,194176,122.31000000000002,52.564787643440546
3034,0,194240,124.19000000000001,49.819242266417504
3035,0,194304,121.87,52.92194346393564
3036,0,194368,123.63999999999999,51.68584332290612
3037,0,194432,119.0,53.791133098309054
3038,0,194496,126.12999999999997,49.50163734665754
3039,0,194560,126.36999999999998,51.605020104637106
3040,0,194624,124.8,49.67971416987018
3041,0,194688,124.8,49.15162255714454
3042,0,194752,128.7,47.940275343389516
3043,0,194816,125.26000000000002,46.699404707126625
3044,0,194880,128.97,45.589034865853435
3045,0,194944,126.19000000000001,47.318568237003966
3046,0,195008,127.7,44.113217973754765
3047,0,195072,131.85,43.644249334820735
3048,0,195136,124.95,44.71367240565239
3049,0,195200,125.87,43.134163953877675
3050,0,195264,125.14000000000001,44.54164792640704
3051,0,195328,126.19000000000001,45.62820290127588
3052,0,195392,126.39000000000001,44.45306401138171
3053,0,195456,125.92999999999999,47.77648061546602
3054,0,195520,126.9,46.00391287705862
3055,0,195584,127.15,45.22115102471409
3056,0,195648,127.52000000000001,43.3088166543488
3057,0,195712,125.70000000000002,44.486582246785375
3058,0,195776,129.62,45.6210433900848
3059,0,195840,131.24,46.3448637930893
3060,0,195904,128.26,44.04702487115333
3061,0,195968,126.97999999999999,45.50665445844157
3062,0,196032,133.69,41.68905012110494
3063,0,196096,127.78,43.14424179424179
3064,0,196160,128.73,45.16870708798294
3065,0,196224,132.6,43.53504335589894
3066,0,196288,131.58999999999997,41.95624983241472
3067,0,196352,130.94,40.748084617562085
3068,0,196416,132.14,42.705156597300984
3069,0,196480,130.31,44.505425511953035
3070,0,196544,130.89,42.68703433128144
3071,0,196608,129.76,42.48663789946199
3072,0,196672,128.12,44.36951205501363
3073,0,196736,128.1,42.15374241986113
3074,0,196800,126.3,42.49202278075263
3075,0,196864,132.77,43.2535790426642
3076,0,196928,127.85,40.65371446743828
3077,0,196992,128.91000000000003,40.440832088373256
3078,0,197056,129.8,41.57364549807967
3079,0,197120,129.55,40.67633833077899
3080,0,197184,131.34,43.006887820441044
3081,0,197248,133.06,42.299602835014895
3082,0,197312,131.95999999999998,41.26674690352996
3083,0,197376,130.48,40.05920119023843
3084,0,197440,132.45999999999998,40.18383256982838
3085,0,197504,131.38,38.129537107077496
3086,0,197568,135.10999999999999,40.19274685810862
3087,0,197632,135.89000000000001,41.2206125621636
3088,0,197696,138.82,36.45712001790597
3089,0,197760,136.01000000000002,37.738056388743715
3090,0,197824,131.41,38.40217311559334
3091,0,197888,135.14,41.32367844226842
3092,0,197952,131.18,38.771324455066015
3093,0,198016,132.03,37.5370230572431
3094,0,198080,134.73,38.92264251049767
3095,0,198144,134.09,40.49838144913942
3096,0,198208,132.95,37.092863194959754
3097,0,198272,134.76000000000002,39.15048403276772
3098,0,198336,135.95,39.607606592673584
3099,0,198400,135.77,38.860135100125426
3100,0,198464,133.60000000000002,36.61838336136646
3101,0,198528,136.48000000000002,37.581106955490284
3102,0,198592,136.72,40.17914384354152
3103,0,198656,137.9,39.65856780066572
3104,0,198720,136.1,41.388839075286946
3105,0,198784,135.72,38.224306403125226
3106,0,198848,133.51,41.52720674449463
3107,0,198912,137.52,40.150810701653334
3108,0,198976,135.23,41.058008962929506
3109,0,199040,136.58999999999997,40.45705006547067
3110,0,199104,138.26000000000002,39.51407850374345
3111,0,199168,138.67,41.27071722177844
3112,0,199232,140.98,38.236417196175694
3113,0,199296,139.49,41.88430374257164
3114,0,199360,140.42999999999998,42.318673183359614
3115,0,199424,139.09,42.098632994433444
3116,0,199488,137.26000000000005,40.707424384256974
3117,0,199552,134.79000000000002,41.207073421926
3118,0,199616,136.65,41.92205266920979
3119,0,199680,136.3,43.29757498983055
3120,0,199744,135.73,40.71135099698855
3121,0,199808,137.67000000000002,41.697746941531506
3122,0,199872,136.89,40.45247705641769
3123,0,199936,138.94,39.951650779410855
3124,0,200000,140.42000000000002,40.6878556820091
3125,0,200064,136.81,42.076536216756246
3126,0,200128,137.1,37.091778064687055
3127,0,200192,140.12,39.711303176803455
3128,0,200256,140.07999999999998,39.027446752253724
3129,0,200320,140.77,41.2300388066759
3130,0,200384,136.48,41.468151634718424
3131,0,200448,139.92,41.76823673558653
3132,0,200512,143.4,37.75579425730573
3133,0,200576,143.70999999999998,39.67577220420543
3134,0,200640,140.66,41.85695163291278
3135,0,200704,143.10000000000002,41.52343916392282
3136,0,200768,139.00000000000003,38.82476014092038
3137,0,200832,142.79,40.87318069345717
3138,0,200896,144.48,40.613662725737996
3139,0,200960,144.10999999999999,41.74598064484771
3140,0,201024,143.22,41.548135938932326
3141,0,201088,142.75,41.76080099806516
3142,0,201152,140.01000000000002,43.21505408998119
3143,0,201216,146.36999999999998,45.05558899848053
3144,0,201280,143.77,42.49548328940383
3145,0,201344,145.78000000000003,45.5265373161632
3146,0,201408,144.62,43.34539883309416
3147,0,201472,144.5,45.62571643273122
3148,0,201536,142.38,45.901825671752974
3149,0,201600,143.54000000000002,43.378824327083834
3150,0,201664,144.89000000000001,44.78674915641902
3151,0,201728,142.37,43.501702265543585
3152,0,201792,142.86999999999998,42.49564801247299
3153,0,201856,141.6,46.26733188762888
3154,0,201920,142.73999999999998,45.72951344591368
3155,0,201984,145.20999999999998,45.56229691312763
3156,0,202048,146.78,44.52967100709368
3157,0,202112,142.36999999999998,46.119693190653386
3158,0,202176,146.73999999999998,45.96673144786347
3159,0,202240,148.44,48.529644548461306
3160,0,202304,145.89000000000001,47.46976827413422
3161,0,202368,143.98000000000002,46.12727609560313
3162,0,202432,148.48999999999998,48.79236518145026
3163,0,202496,144.92000000000002,46.25163348466733
3164,0,202560,146.23,49.460793564195875
3165,0,202624,145.81,50.08661398018436
3166,0,202688,146.26999999999998,53.123009139166804
3167,0,202752,148.48000000000002,49.442649605376126
3168,0,202816,148.1,49.69197118247575
3169,0,202880,148.97,50.829008449899945
3170,0,202944,147.6,52.042290495326974
3171,0,203008,142.83999999999997,49.73274977316255
3172,0,203072,147.57,49.029135215706184
3173,0,203136,144.83999999999997,50.23194601048221
3174,0,203200,144.55,48.73824473655161
3175,0,203264,145.88,49.33075713994262
3176,0,203328,146.89000000000001,48.65752665312942
3177,0,203392,140.29000000000002,50.16615293203177
3178,0,203456,142.8,48.75536893512344
3179,0,203520,144.68,50.51195502056914
3180,0,203584,146.35,49.0576854325599
3181,0,203648,145.91,50.673354931364074
3182,0,203712,142.20999999999998,50.294024495957764
3183,0,203776,144.35999999999999,50.05976827753001
3184,0,203840,143.92,49.54968819276263
3185,0,203904,143.71,49.382171884193184
3186,0,203968,142.34,49.69163309854084
3187,0,204032,140.98,47.33613418943291
3188,0,204096,142.28,49.046239407318474
3189,0,204160,144.45,49.658498769092894
3190,0,204224,143.07,47.080018054372076
3191,0,204288,141.56,50.7860256369801
3192,0,204352,140.82,49.78433086825613
3193,0,204416,143.27,48.61351766741428
3194,0,204480,143.31,48.814371859115425
3195,0,204544,141.25,49.47159285893268
3196,0,204608,145.56,46.181429168010816
3197,0,204672,145.7,45.99249938848725
3198,0,204736,143.63000000000002,50.78409298195647
3199,0,204800,142.92,49.300279918069435
3200,0,204864,145.6,50.27474515101991
3201,0,204928,147.36999999999998,49.527084509387386
3202,0,204992,147.53,48.59574158298235
3203,0,205056,151.11,48.35296164662512
3204,0,205120,147.79,52.58920896914119
3205,0,205184,149.09,50.37819865775273
3206,0,205248,146.24,51.430675671237296
3207,0,205312,151.98999999999998,52.41941338855291
3208,0,205376,148.23,50.793622631192584
3209,0,205440,147.25,51.74002802473149
3210,0,205504,148.56,51.01827515704544
3211,0,205568,149.57999999999998,52.372889933628834
3212,0,205632,148.43,52.04446272179203
3213,0,205696,147.31,54.172067525616924
3214,0,205760,150.85999999999999,51.281794040380454
3215,0,205824,148.57999999999998,51.16465186043975
3216,0,205888,148.89000000000001,51.007008341991586
3217,0,205952,147.9,51.74083493721376
3218,0,206016,145.67000000000002,50.820607040845154
3219,0,206080,146.02,51.40318667164517
3220,0,206144,141.56,48.31857199876668
3221,0,206208,144.39,48.97902510258855
3222,0,206272,144.83999999999997,48.987206493124305
3223,0,206336,144.95999999999998,48.73344231633961
3224,0,206400,142.38,47.40202105395929
3225,0,206464,141.70000000000002,47.12173596123131
3226,0,206528,143.16000000000003,51.51134244028202
3227,0,206592,142.64,49.52737021082383
3228,0,206656,141.13000000000002,48.70971258383691
3229,0,206720,144.76,51.5629363011844
3230,0,206784,142.91000000000003,49.11847819303851
3231,0,206848,141.39000000000001,50.64595640325099
3232,0,206912,145.07,49.09547942529942
3233,0,206976,147.16,50.1552629342126
3234,0,207040,143.78,47.707500458523285
3235,0,207104,142.73,49.24384326999671
3236,0,207168,143.22,50.105364982205245
3237,0,207232,142.9,50.66880697233753
3238,0,207296,144.31,49.91151069643154
3239,0,207360,145.31000000000003,48.40114564759806
3240,0,207424,146.54000000000002,50.94623047880972
3241,0,207488,146.89999999999998,50.27243777657893
3242,0,207552,144.61,49.46662410150909
3243,0,207616,147.43,51.75981163026001
3244,0,207680,146.73000000000002,51.12840795487377
3245,0,207744,145.56,50.996807743230356
3246,0,207808,146.32,50.34520433963895
3247,0,207872,146.84999999999997,50.80510309014243
3248,0,207936,145.03,49.52098646028773
3249,0,208000,149.56,53.12229663709957
3250,0,208064,148.97,50.50568383855425
3251,0,208128,147.57000000000002,50.5616860873923
3252,0,208192,146.0,50.83091578950747
3253,0,208256,146.16000000000003,51.73333934707868
3254,0,208320,150.92,50.73684657130358
3255,0,208384,148.33999999999997,51.57166276163684
3256,0,208448,150.32,54.2627643969601
3257,0,208512,147.42000000000002,51.871838216897615
3258,0,208576,148.45000000000002,52.146625010637074
3259,0,208640,148.81,52.39731767943851
3260,0,208704,147.45,49.7851031936261
3261,0,208768,147.8,51.50898950668708
3262,0,208832,147.54000000000002,50.12736178974513
3263,0,208896,146.71,48.62903350880007
3264,0,208960,146.24,50.4378072481348
3265,0,209024,148.24,50.187113883944356
3266,0,209088,150.10999999999999,50.45959670865395
3267,0,209152,149.49,49.491543722135
3268,0,209216,147.55,48.9573130390139
3269,0,209280,149.70999999999998,47.64244850970613
3270,0,209344,150.54000000000002,48.37638266757862
3271,0,209408,149.27,48.940740697296356
3272,0,209472,149.66,49.7542601191094
3273,0,209536,153.04999999999998,47.51854900983404
3274,0,209600,151.18,47.9964748705569
3275,0,209664,151.32,48.6992155994324
3276,0,209728,152.58999999999997,48.92981606341884
3277,0,209792,150.26000000000002,44.83318413853738
3278,0,209856,147.97,47.987791155667914
3279,0,209920,149.48,45.108819536760215
3280,0,209984,153.82,45.353804691558125
3281,0,210048,152.67,44.400113738593056
3282,0,210112,153.10999999999999,46.39147443227042
3283,0,210176,154.46999999999997,44.46956374870346
3284,0,210240,153.47,45.59250047979383
3285,0,210304,149.58999999999997,44.19310919136603
3286,0,210368,150.54000000000002,44.337347687925586
3287,0,210432,153.88000000000002,45.19964159149937
3288,0,210496,152.05,45.55397348201362
3289,0,210560,154.01000000000002,44.857762984794505
3290,0,210624,151.67000000000002,45.99534867788263
3291,0,210688,151.51,44.87958221730679
3292,0,210752,154.61000000000004,46.37426980557214
3293,0,210816,156.33999999999997,45.238461512301676
3294,0,210880,150.0,45.27052020907204
3295,0,210944,154.8,45.551201959992234
3296,0,211008,151.86999999999998,46.26538771046882
3297,0,211072,151.35999999999999,45.775063080240535
3298,0,211136,151.14000000000001,44.9094689347358
3299,0,211200,151.19,44.72823381266021
3300,0,211264,147.69,44.80331349353528
3301,0,211328,151.4,44.28166663530179
3302,0,211392,150.70999999999998,44.33575193903899
3303,0,211456,152.16,45.12731323710731
3304,0,211520,151.76000000000002,45.801074223210094
3305,0,211584,149.76999999999998,45.10459067545121
3306,0,211648,151.27,45.510307623658186
3307,0,211712,152.70999999999998,43.523084679282555
3308,0,211776,155.54000000000002,44.97539771919755
3309,0,211840,151.68,45.75447081980077
3310,0,211904,151.42000000000002,45.9858412992521
3311,0,211968,153.73000000000002,45.56731394322031
3312,0,212032,150.65,47.16062446575533
3313,0,212096,152.53,47.302094033985426
3314,0,212160,154.36999999999998,46.376482186556586
3315,0,212224,149.48000000000002,46.4059651338058
3316,0,212288,151.52,48.52164053285915
3317,0,212352,152.07,47.21410912005012
3318,0,212416,148.74,45.334141659460144
3319,0,212480,148.87,46.19835603135679
3320,0,212544,154.72,46.13462474107707
3321,0,212608,150.21999999999997,45.65645189893757
3322,0,212672,151.49,46.68968729816039
3323,0,212736,149.9,46.24975675611711
3324,0,212800,149.02,45.55231717487048
3325,0,212864,149.95,45.41029068394079
3326,0,212928,153.15,45.98404614646258
3327,0,212992,148.41,45.22303505957998
3328,0,213056,148.07999999999998,45.49168715270956
3329,0,213120,152.44,45.43252579375265
3330,0,213184,150.41000000000003,45.57517855148787
3331,0,213248,152.59,46.17892268124063
3332,0,213312,151.81,45.87693211190129
3333,0,213376,147.87,45.44310838840143
3334,0,213440,151.06,45.417996433132096
3335,0,213504,150.04,46.12678614427847
3336,0,213568,151.01999999999998,46.482981832064084
3337,0,213632,148.24,45.64292278108403
3338,0,213696,149.4,44.18927471683599
3339,0,213760,149.66,45.786050277349766
3340,0,213824,147.12,44.75906165236265
3341,0,213888,150.96999999999997,44.651988757501044
3342,0,213952,152.08999999999997,45.728272436207334
3343,0,214016,148.98,44.65449137544845
3344,0,214080,148.76,46.61639625711108
3345,0,214144,150.78000000000003,45.296242669784434
3346,0,214208,150.08999999999997,43.76613873761312
3347,0,214272,150.45999999999998,44.46943219785924
3348,0,214336,150.18,43.15334981203661
3349,0,214400,149.36,43.762408526039785
3350,0,214464,147.95,44.37319573796776
3351,0,214528,147.17000000000002,43.634162075144744
3352,0,214592,149.42000000000002,44.03754761564272
3353,0,214656,146.48,43.33220049801302
3354,0,214720,151.98999999999998,43.53872873660874
3355,0,214784,148.41,43.80220199944291
3356,0,214848,149.91000000000003,45.20452300378802
3357,0,214912,148.7,44.13585843732962
3358,0,214976,146.91,43.16251730379034
3359,0,215040,145.7,44.11711685955917
3360,0,215104,150.52000000000004,44.92453227358077
3361,0,215168,144.81,44.237776842874915
3362,0,215232,146.29000000000002,45.071641860486956
3363,0,215296,152.85000000000002,45.681248888356805
3364,0,215360,148.83999999999997,44.84458049753616
3365,0,215424,151.85,44.57560431446779
3366,0,215488,146.95,44.96381322797256
3367,0,215552,150.11,45.78686383669447
3368,0,215616,151.82,46.124761245994534
3369,0,215680,149.82999999999998,45.45430782665159
3370,0,215744,150.81,45.51835783505376
3371,0,215808,153.54,46.038531688141404
3372,0,215872,153.23,45.34496774725945
3373,0,215936,153.15,46.7882731034177
3374,0,216000,153.43999999999997,44.25591937808997
3375,0,216064,154.67,44.83059334873898
3376,0,216128,154.57,44.98079701383692
3377,0,216192,157.19,45.30389497603932
3378,0,216256,150.74000000000004,45.665308495618426
3379,0,216320,155.47,46.70965745967315
3380,0,216384,153.16,44.39534209801745
3381,0,216448,157.47,45.593728735430275
3382,0,216512,153.07,45.56575578216606
3383,0,216576,153.74,45.92794791845157
3384,0,216640,153.91000000000003,45.41317980498613
3385,0,216704,154.02,44.93768574370514
3386,0,216768,155.49,45.53619329720041
3387,0,216832,152.93,45.22954896967247
3388,0,216896,155.10000000000002,46.18135987603657
3389,0,216960,154.87999999999997,45.40039206879165
3390,0,217024,153.7,45.92071428015901
3391,0,217088,153.67,43.62657561624565
3392,0,217152,153.76000000000002,45.11523467743463
3393,0,217216,156.32,42.986946855993395
3394,0,217280,157.48,44.64913884947838
3395,0,217344,151.7,44.73951273762378
3396,0,217408,154.0,46.351353809786396
3397,0,217472,152.68,43.91015372325631
3398,0,217536,153.4,46.04856132388937
3399,0,217600,151.00000000000003,43.218375721445156
3400,0,217664,153.0,43.42501583189119
3401,0,217728,150.61,43.10056728164956
3402,0,217792,152.61999999999998,45.1421045145217
3403,0,217856,157.21999999999997,45.780777625549355
3404,0,217920,153.98,44.71346106040104
3405,0,217984,148.63,43.34106713037878
3406,0,218048,153.32999999999998,44.10308492611372
3407,0,218112,152.15,45.25055248281506
3408,0,218176,152.17000000000002,44.1819884115688
3409,0,218240,150.93,44.13900882439477
3410,0,218304,153.13000000000002,45.65851618263563
3411,0,218368,153.72,43.92058287409219
3412,0,218432,153.41000000000003,45.89118542814077
3413,0,218496,152.42999999999998,44.065497841281676
3414,0,218560,148.95,44.51968665657924
3415,0,218624,150.07,46.13567058144923
3416,0,218688,149.15,43.970791441592226
3417,0,218752,152.51999999999998,46.51532650643226
3418,0,218816,152.52999999999997,45.61747581793627
3419,0,218880,153.82,44.94736477258705
3420,0,218944,153.88,47.03585440916323
3421,0,219008,153.13000000000002,43.78600347142908
3422,0,219072,153.95999999999998,45.98504539521517
3423,0,219136,149.57000000000002,46.87280768206658
3424,0,219200,153.26,46.0187831216776
3425,0,219264,150.79,47.290367941051166
3426,0,219328,151.42000000000002,47.82329557861942
3427,0,219392,150.0,45.20349544006525
3428,0,219456,150.15,45.537286919622254
3429,0,219520,152.76000000000002,47.27854058661287
3430,0,219584,149.19,46.480908984227064
3431,0,219648,152.36999999999998,45.68927773559131
3432,0,219712,148.85999999999999,47.08057348843575
3433,0,219776,149.29,45.23820177681691
3434,0,219840,149.25,46.59412516616231
3435,0,219904,151.3,46.211059282383914
3436,0,219968,149.06,47.041113932388974
3437,0,220032,152.18,46.81962836247207
3438,0,220096,153.06,47.71459315555357
3439,0,220160,151.32999999999998,48.240150289981486
3440,0,220224,148.05,45.98021857277323
3441,0,220288,151.55,46.608995912806364
3442,0,220352,148.04000000000002,46.74625546501024
3443,0,220416,148.31,47.579626942631656
3444,0,220480,145.01,48.280543700335436
3445,0,220544,149.20999999999998,48.4732802686181
3446,0,220608,148.66000000000003,47.439059855777074
3447,0,220672,147.07,47.06179023369171
3448,0,220736,150.58,46.72091180617091
3449,0,220800,148.67000000000002,45.65277757157827
3450,0,220864,148.89000000000001,48.31377546828648
3451,0,220928,147.46999999999997,47.13149796049347
3452,0,220992,152.26000000000002,48.39626431864344
3453,0,221056,148.93,46.64386454829831
3454,0,221120,151.35000000000002,48.68788863773001
3455,0,221184,151.57999999999998,49.42551567763355
3456,0,221248,149.07999999999998,46.194930457789404
3457,0,221312,148.83,45.77029713689873
3458,0,221376,149.14000000000001,47.45688991073899
3459,0,221440,149.07999999999998,46.59351457016309
3460,0,221504,153.32,46.356074035664406
3461,0,221568,151.15,47.85858857091379
3462,0,221632,148.1,47.387318978815415
3463,0,221696,147.98999999999998,45.29468953420478
3464,0,221760,150.01,46.26273770541471
3465,0,221824,148.78000000000003,46.218714824192155
3466,0,221888,148.67000000000002,47.217328386938625
3467,0,221952,148.92999999999998,46.95894057578386
3468,0,222016,150.89999999999998,46.12823430394881
3469,0,222080,147.41,47.83367955739972
3470,0,222144,152.56,47.418565984221836
3471,0,222208,148.8,46.16444519324369
3472,0,222272,150.85000000000002,46.31468989424413
3473,0,222336,149.16,46.74216939766489
3474,0,222400,148.57999999999998,46.77067029667204
3475,0,222464,146.48000000000002,46.55351329384281
3476,0,222528,148.07,46.18530177448232
3477,0,222592,150.51999999999998,48.197900369206955
3478,0,222656,148.97,46.616157070269104
3479,0,222720,150.1,47.582055441100906
3480,0,222784,147.56,46.975167908161865
3481,0,222848,148.35999999999999,46.360763583012734
3482,0,222912,147.83999999999997,45.85538572512503
3483,0,222976,146.81,45.83800715563451
3484,0,223040,147.02,45.0294747915185
3485,0,223104,147.61,46.06244565804121
3486,0,223168,145.26000000000002,45.14678726111084
3487,0,223232,147.32,45.65095398784126
3488,0,223296,145.69,47.0779024596466
3489,0,223360,142.99,43.62053300912313
3490,0,223424,145.25,46.34128289117598
3491,0,223488,143.28000000000003,45.52058435477295
3492,0,223552,144.76999999999998,45.42908869876216
3493,0,223616,143.33999999999997,45.55269915164194
3494,0,223680,144.51999999999998,45.71784771836924
3495,0,223744,142.31,44.70043512092472
3496,0,223808,145.29999999999998,43.95738845745957
3497,0,223872,140.23999999999995,45.6720089332624
3498,0,223936,142.38,44.64839974735937
3499,0,224000,142.48000000000002,45.87526130715769
3500,0,224064,143.08999999999997,44.64834711386301
3501,0,224128,142.48,45.48957682810426
3502,0,224192,140.07,46.1362558082036
3503,0,224256,138.31,43.41678131782687
3504,0,224320,139.38,44.14867608434029
3505,0,224384,142.70000000000002,46.842395327310065
3506,0,224448,144.64999999999998,45.40689925550962
3507,0,224512,137.88,44.8668652794019
3508,0,224576,139.82,46.223712529393396
3509,0,224640,140.75,46.60609938623914
3510,0,224704,138.86999999999998,47.08547652939279
3511,0,224768,141.29000000000002,46.52548656381789
3512,0,224832,137.92000000000002,45.37763325692516
3513,0,224896,135.56,46.72890326125791
3514,0,224960,139.05,46.40043642036139
3515,0,225024,135.98,46.03502579558309
3516,0,225088,135.02000000000004,45.27787097468254
3517,0,225152,136.44,46.78919105947441
3518,0,225216,138.92000000000002,48.20209124094099
3519,0,225280,135.48999999999998,46.83324567014334
3520,0,225344,136.05,51.23126486824233
3521,0,225408,134.66,45.794043280758686
3522,0,225472,132.26999999999998,45.8018569492548
3523,0,225536,132.69,49.20295621200011
3524,0,225600,132.43,46.90096054453469
3525,0,225664,132.44,46.467692002078174
3526,0,225728,131.6,46.40504282941673
3527,0,225792,135.25,48.18193126058772
3528,0,225856,135.45,47.14346720384491
3529,0,225920,132.43,46.26711683258424
3530,0,225984,131.71,46.92563158871706
3531,0,226048,133.59,46.83352324991149
3532,0,226112,130.42000000000002,47.614678409078856
3533,0,226176,131.29,47.036824935363136
3534,0,226240,130.66,47.79333007857896
3535,0,226304,129.27,49.35060384635633
3536,0,226368,133.47,48.6285934404852
3537,0,226432,134.9,48.86467026390334
3538,0,226496,131.72,48.579291884505686
3539,0,226560,134.61,50.03369764468743
3540,0,226624,129.9,47.977536410282674
3541,0,226688,133.96,50.766863208199105
3542,0,226752,134.32999999999998,51.02960023358992
3543,0,226816,132.33,51.2305192243842
3544,0,226880,129.97,47.54932281326412
3545,0,226944,130.51000000000002,48.0209631306995
3546,0,227008,127.91,47.85491510806388
3547,0,227072,136.85,47.62896702638007
3548,0,227136,134.48000000000002,48.73035604220433
3549,0,227200,130.55,47.669744073153986
3550,0,227264,133.46,46.63700676501441
3551,0,227328,134.55,46.78245931970657
3552,0,227392,138.05,47.76526457584005
3553,0,227456,133.02,45.082209351361655
3554,0,227520,129.97,47.19610259332861
3555,0,227584,129.67000000000002,44.67540822421211
3556,0,227648,132.88,46.83173710209776
3557,0,227712,132.9,45.505054664289766
3558,0,227776,133.27,43.035846686221944
3559,0,227840,132.27,44.83344845090549
3560,0,227904,135.7,45.90455315107642
3561,0,227968,135.39000000000001,46.07182327627158
3562,0,228032,133.99,43.49180267590664
3563,0,228096,133.44,44.12176787029278
3564,0,228160,129.51000000000002,44.34759181736929
3565,0,228224,131.72,42.627990804165286
3566,0,228288,135.7,46.40448254209931
3567,0,228352,138.33999999999997,45.3744906307498
3568,0,228416,133.20999999999998,46.728352207198576
3569,0,228480,140.38,45.93211948081647
3570,0,228544,133.10999999999999,45.452622586601095
3571,0,228608,136.93,48.029054748141775
3572,0,228672,134.05,44.98195749408867
3573,0,228736,137.35,46.58386523250298
3574,0,228800,135.96,47.5542048614
3575,0,228864,136.26,47.16469442284133
3576,0,228928,138.85,46.623368604166735
3577,0,228992,137.07999999999998,47.22382449569285
3578,0,229056,143.41000000000003,47.15596356771855
3579,0,229120,136.95999999999998,47.87350415417698
3580,0,229184,137.33999999999997,44.69823710170235
3581,0,229248,136.14000000000001,43.12663214302735
3582,0,229312,138.75,45.85835256526339
3583,0,229376,134.95,45.804896026516644
3584,0,229440,134.27,43.18309970347197
3585,0,229504,134.79000000000002,44.238794061321336
3586,0,229568,134.07999999999998,43.355894639598894
3587,0,229632,135.57,45.11529784895585
3588,0,229696,136.67000000000002,43.439959714530126
3589,0,229760,134.93,42.001382120116
3590,0,229824,136.29,45.18044820494813
3591,0,229888,136.49,43.83880586877338
3592,0,229952,136.86,45.407536819343115
3593,0,230016,135.04000000000002,45.26665881197771
3594,0,230080,136.52,44.5640841934399
3595,0,230144,138.35,46.428746483186465
3596,0,230208,142.35,46.6117206290435
3597,0,230272,137.19,46.14833583131682
3598,0,230336,139.71999999999997,45.10513939674724
3599,0,230400,139.22,47.34861772005599
3600,0,230464,140.70999999999998,44.97244600863955
3601,0,230528,137.95,45.6100920849761
3602,0,230592,138.74,46.42353282549703
3603,0,230656,138.96,46.3353256166394
3604,0,230720,137.88,46.97948062718446
3605,0,230784,140.47999999999996,48.05829376913001
3606,0,230848,137.76000000000002,45.18416094163971
3607,0,230912,138.4,48.41844689785082
3608,0,230976,143.05,47.704659101601386
3609,0,231040,141.69,47.071444634725204
3610,0,231104,141.34,46.67704360818067
3611,0,231168,141.29000000000002,46.65386264823096
3612,0,231232,139.9,47.82704255962311
3613,0,231296,139.94,47.119808997915094
3614,0,231360,138.20999999999998,47.12062075142899
3615,0,231424,136.42000000000002,47.305407724698874
3616,0,231488,141.07999999999998,47.278659033437066
3617,0,231552,139.42000000000002,46.93951001022486
3618,0,231616,138.33999999999997,47.93750514993454
3619,0,231680,140.7,46.536630733219184
3620,0,231744,140.01999999999998,46.050446251909435
3621,0,231808,134.94,48.412213335066596
3622,0,231872,137.42,48.322971762920375
3623,0,231936,139.07,45.8572142634068
3624,0,232000,142.38,46.31446426333787
3625,0,232064,142.95999999999998,45.0263522839681
3626,0,232128,137.75,46.293374255934296
3627,0,232192,136.3,47.69373124426312
3628,0,232256,137.72,46.87570372805085
3629,0,232320,134.46,45.87882300146769
3630,0,232384,135.25000000000003,45.80775589351654
3631,0,232448,138.5,46.58860375671286
3632,0,232512,135.44,44.68369277488153
3633,0,232576,135.1,46.18939272170614
3634,0,232640,134.66,49.19697551679372
3635,0,232704,129.91000000000003,45.36411467228254
3636,0,232768,134.13,46.6206188290117
3637,0,232832,130.68,46.55338440972901
3638,0,232896,131.0,46.323471372512664
3639,0,232960,132.26000000000002,44.96952746027025
3640,0,233024,131.77,44.73803862486598
3641,0,233088,132.69,47.1571723070839
3642,0,233152,131.39000000000001,44.541945399813876
3643,0,233216,133.7,44.88957562731018
3644,0,233280,131.67000000000002,45.00526746948628
3645,0,233344,134.6,44.18085558248052
3646,0,233408,134.91,46.46261830762446
3647,0,233472,137.28999999999996,44.30569827911529
3648,0,233536,130.51000000000002,47.609210243397236
3649,0,233600,129.49,46.46517943578826
3650,0,233664,134.95,45.76088395125252
3651,0,233728,134.1,47.473929687777066
3652,0,233792,132.20999999999998,47.62689261331249
3653,0,233856,135.76000000000002,45.887780508540615
3654,0,233920,131.64999999999998,44.678031514380756
3655,0,233984,133.04999999999998,46.107141529268546
3656,0,234048,132.85,48.418307487974005
3657,0,234112,135.94,47.08002124043701
3658,0,234176,129.98,45.95410319003081
3659,0,234240,134.07,45.02581592819835
3660,0,234304,134.8,43.237136815473804
3661,0,234368,132.55,45.44916390870133
3662,0,234432,129.82,45.203070692155414
3663,0,234496,133.6,43.3030945776396
3664,0,234560,129.35999999999999,44.81984381945122
3665,0,234624,130.06,45.834380109258596
3666,0,234688,130.28,45.34381545481148
3667,0,234752,131.34,43.56457735362527
3668,0,234816,131.5,44.514626809622925
3669,0,234880,132.73,45.81711579748337
3670,0,234944,130.35,43.0512775652477
3671,0,235008,132.56,46.629565728194386
3672,0,235072,129.7,45.244668194164056
3673,0,235136,131.04,44.17411459214548
3674,0,235200,133.12,44.081170583368134
3675,0,235264,133.39999999999998,43.035822287949834
3676,0,235328,129.02,46.60523146600604
3677,0,235392,135.42000000000002,44.604681368663535
3678,0,235456,134.1,47.58411499649858
3679,0,235520,135.18,44.93828657169742
3680,0,235584,128.8,44.309412092692
3681,0,235648,136.45999999999998,45.60278938836965
3682,0,235712,133.97,45.53860011023615
3683,0,235776,135.84999999999997,48.05842798094836
3684,0,235840,132.48999999999998,44.42781673681479
3685,0,235904,131.91,46.23417458979883
3686,0,235968,132.64000000000001,46.89699777171242
3687,0,236032,131.95,44.648857768144524
3688,0,236096,131.20000000000002,43.94209826578608
3689,0,236160,130.61,44.231650432693556
3690,0,236224,127.84,43.397239543547
3691,0,236288,134.50000000000003,47.471064871140186
3692,0,236352,130.36999999999998,42.84514091469416
3693,0,236416,131.22,46.84621222681723
3694,0,236480,132.60999999999999,45.18536156765817
3695,0,236544,132.34,46.73027284320091
3696,0,236608,133.12,47.073109096383256
3697,0,236672,131.48,44.09702484295284
3698,0,236736,128.68,46.307921568561035
3699,0,236800,135.44,49.28643221009206
3700,0,236864,129.91,45.11080690920968
3701,0,236928,131.97,47.22025095231918
3702,0,236992,129.99,47.08440187578048
3703,0,237056,127.7,42.868893151095
3704,0,237120,134.07,46.33150224199513
3705,0,237184,133.28000000000003,45.28259709866474
3706,0,237248,137.07999999999998,44.07148284321733
3707,0,237312,134.91000000000003,44.57518255711355
3708,0,237376,135.99,46.61764580070513
3709,0,237440,135.23,45.6026325994454
3710,0,237504,136.26,44.41446160880485
3711,0,237568,135.66,48.674268356083175
3712,0,237632,135.26,45.66752018667097
3713,0,237696,135.45999999999998,43.674871493800644
3714,0,237760,134.68,43.102941894956544
3715,0,237824,134.63000000000002,41.88030682791137
3716,0,237888,135.98999999999998,42.91620789398802
3717,0,237952,136.92000000000002,44.74431360519457
3718,0,238016,134.24,43.23929231613302
3719,0,238080,136.89,45.51835783505376
3720,0,238144,133.28000000000003,40.384546549391885
3721,0,238208,135.48000000000002,42.490841366110885
3722,0,238272,139.32999999999998,43.88710630697813
3723,0,238336,138.9,45.40993283412782
3724,0,238400,134.57,44.21024881178571
3725,0,238464,132.82999999999998,45.73650729996771
3726,0,238528,137.3,45.85797640541937
3727,0,238592,138.27,45.17162937065697
3728,0,238656,136.79000000000002,44.49614477682307
3729,0,238720,136.03,43.54519606110414
3730,0,238784,136.76,43.08510647543998
3731,0,238848,136.71,43.90850600965604
3732,0,238912,133.44,41.45520956405841
3733,0,238976,132.39000000000001,41.01030236416211
3734,0,239040,134.55,42.3904293443697
3735,0,239104,138.38,43.37913784297701
3736,0,239168,130.42000000000002,38.59797404009698
3737,0,239232,133.35999999999999,39.32841720690015
3738,0,239296,133.89000000000001,43.29707726856399
3739,0,239360,136.45,41.85922240080434
3740,0,239424,135.00000000000003,40.9206793687495
3741,0,239488,135.7,42.3571009395119
3742,0,239552,137.8,41.54607081301431
3743,0,239616,135.4,43.963302878650964
3744,0,239680,130.89000000000001,41.12331333927265
3745,0,239744,133.6,40.53526859415143
3746,0,239808,133.05,42.11147705792329
3747,0,239872,134.87,40.84801219153755
3748,0,239936,135.99,41.22381471916445
3749,0,240000,132.45999999999998,39.566177475212335
3750,0,240064,132.98999999999998,40.78415010760921
3751,0,240128,136.99,41.104730871275635
3752,0,240192,134.47,41.458679429041155
3753,0,240256,136.38000000000002,41.075851786664145
3754,0,240320,134.64000000000001,42.139273842817936
3755,0,240384,131.18,39.05677406033428
3756,0,240448,134.58999999999997,39.43689769746094
3757,0,240512,127.88000000000002,38.4249866623269
3758,0,240576,129.83,39.11874358923098
3759,0,240640,132.32,38.93298858294852
3760,0,240704,133.14000000000004,38.1633646315416
3761,0,240768,136.56,39.951225262812656
3762,0,240832,136.01999999999998,37.28564871368071
3763,0,240896,132.65,39.387034668784096
3764,0,240960,131.66,37.29407995915706
3765,0,241024,127.92000000000003,37.17006322297556
3766,0,241088,134.11,38.293666578169294
3767,0,241152,133.82,38.59398398714494
3768,0,241216,131.95999999999998,37.61526817663274
3769,0,241280,134.44,37.25319315172862
3770,0,241344,130.84,38.18159766170085
3771,0,241408,132.72,39.39859895986151
3772,0,241472,135.29,38.16491713602952
3773,0,241536,132.56,37.058931447088426
3774,0,241600,132.17000000000002,39.3835003523049
3775,0,241664,132.38,37.05654598043374
3776,0,241728,130.61,37.852409434539304
3777,0,241792,133.12,38.60214501812043
3778,0,241856,129.81,36.23571304666158
3779,0,241920,132.29000000000002,39.94374669457035
3780,0,241984,133.73,37.25960413101567
3781,0,242048,134.3,42.65144780661027
3782,0,242112,129.16,38.5396990128361
3783,0,242176,134.16000000000003,38.93109810935212
3784,0,242240,136.95999999999998,39.97467198114326
3785,0,242304,134.73000000000002,37.67030793609205
3786,0,242368,130.37,36.89181616564844
3787,0,242432,131.43,38.100893690306
3788,0,242496,135.91000000000003,37.17729011103418
3789,0,242560,131.69,38.79240776234443
3790,0,242624,135.96999999999997,39.32892192776202
3791,0,242688,135.19,38.965226805447955
3792,0,242752,138.2,39.725080239063075
3793,0,242816,134.01,40.03159876897249
3794,0,242880,136.79000000000002,39.418509611602516
3795,0,242944,133.39,40.0443866228464
3796,0,243008,136.31,42.849467908014915
3797,0,243072,131.81,40.284623617454834
3798,0,243136,132.7,39.699471029221534
3799,0,243200,140.22999999999996,41.19237914954658
3800,0,243264,137.14,39.2697644505286
3801,0,243328,136.20000000000002,39.49759486348504
3802,0,243392,133.91,40.79427533367887
3803,0,243456,136.80999999999997,39.770100578198196
3804,0,243520,135.96999999999997,39.21606941038329
3805,0,243584,134.42000000000002,38.47328423724702
3806,0,243648,132.98999999999998,40.43524329097081
3807,0,243712,135.94,40.02037481083855
3808,0,243776,133.13,40.12926737432419
3809,0,243840,134.16000000000003,38.69036572584963
3810,0,243904,133.93,39.02916986050306
3811,0,243968,134.0,39.179663091966475
3812,0,244032,134.38,39.81471587240075
3813,0,244096,134.98,39.00037948533322
3814,0,244160,128.73999999999998,37.931944321376406
3815,0,244224,136.84999999999997,41.607769707111196
3816,0,244288,136.23,41.77626239863974
3817,0,244352,138.85,41.08019595863681
3818,0,244416,136.78,39.901072667285526
3819,0,244480,136.2,40.825947631377765
3820,0,244544,137.85000000000005,43.910756085496864
3821,0,244608,139.01999999999998,39.78506755052704
3822,0,244672,136.57,40.61731281116465
3823,0,244736,136.10999999999999,41.54812751496751
3824,0,244800,136.60999999999999,41.44083614021319
3825,0,244864,137.55,40.12852476730237
3826,0,244928,130.59,39.26870127722586
3827,0,244992,139.07999999999998,42.860466633017424
3828,0,245056,135.11999999999998,41.14111811800939
3829,0,245120,134.48999999999998,40.535255025718044
3830,0,245184,135.58,40.79533796893954
3831,0,245248,136.93,41.098881979927384
3832,0,245312,134.92999999999998,39.20375109603672
3833,0,245376,133.58999999999997,41.099256684275936
3834,0,245440,133.51,40.26011549908917
3835,0,245504,132.43,39.71465850287524
3836,0,245568,135.35999999999999,41.33062302941972
3837,0,245632,135.87000000000003,40.38098686263128
3838,0,245696,131.51000000000002,38.84199917614952
3839,0,245760,140.29000000000002,42.49638690524173
3840,0,245824,134.67000000000002,40.77604811651075
3841,0,245888,135.4,41.31893028625015
3842,0,245952,134.27,42.359179642670135
3843,0,246016,141.5,42.08562700020044
3844,0,246080,135.95,41.90439714397524
3845,0,246144,134.89,37.940913273140914
3846,0,246208,134.07,37.95086428528341
3847,0,246272,138.76,42.04945183947111
3848,0,246336,139.48,41.859808886329134
3849,0,246400,136.82,41.097099654355176
3850,0,246464,138.70999999999998,43.14787248521067
3851,0,246528,138.17000000000002,42.4192420960111
3852,0,246592,135.55,41.53158436659984
3853,0,246656,134.98,40.83862877227883
3854,0,246720,139.2,38.32505707758307
3855,0,246784,139.67000000000002,41.997334439223636
3856,0,246848,137.52999999999997,43.0247847176485
3857,0,246912,136.45,37.948023663953826
3858,0,246976,134.39000000000004,41.02302889841266
3859,0,247040,133.10000000000002,40.31131354843203
3860,0,247104,134.67000000000002,42.555235870571785
3861,0,247168,139.0,42.827491170975684
3862,0,247232,134.85,41.00754198924876
3863,0,247296,136.92000000000002,41.76847615127945
3864,0,247360,138.4,43.45922226639589
3865,0,247424,140.27,43.399793778311896
3866,0,247488,141.38,41.187371851090475
3867,0,247552,138.31,42.59148858633612
3868,0,247616,139.28,41.318417201049705
3869,0,247680,139.41,42.73849435813105
3870,0,247744,136.65,41.88140995716358
3871,0,247808,137.2,41.892075622962395
3872,0,247872,136.45999999999998,41.64154656109688
3873,0,247936,144.8,41.72275158711371
3874,0,248000,139.95,43.921754291011645
3875,0,248064,142.32,44.22051107800542
3876,0,248128,138.75,45.124189743418114
3877,0,248192,141.12,43.068243521183916
3878,0,248256,139.83999999999997,43.822304823000806
3879,0,248320,145.28000000000003,46.19086056786559
3880,0,248384,140.15000000000003,40.70447764067241
3881,0,248448,140.61,47.06039630092378
3882,0,248512,143.20999999999998,44.79701887402776
3883,0,248576,143.74,45.32721478317413
3884,0,248640,141.04000000000002,45.60706524213107
3885,0,248704,141.2,45.51316293117849
3886,0,248768,145.79000000000002,45.39840195425385
3887,0,248832,144.77,44.1036064284997
3888,0,248896,143.76999999999998,44.73117592909893
3889,0,248960,139.82,46.23297091903137
3890,0,249024,142.92000000000002,43.149039386758076
3891,0,249088,142.17,43.8879493710973
3892,0,249152,145.60999999999999,44.2195533672605
3893,0,249216,138.65,43.91995560107045
3894,0,249280,144.13000000000002,45.081105798327535
3895,0,249344,142.01000000000002,45.256059262821374
3896,0,249408,140.71,43.33396935430679
3897,0,249472,139.95999999999998,43.35055247629493
3898,0,249536,138.54000000000002,43.757221118348
3899,0,249600,136.57000000000002,43.29367274787391
3900,0,249664,138.47,42.809509457595986
3901,0,249728,138.88,44.43700709993867
3902,0,249792,135.48000000000002,45.62297228370812
3903,0,249856,134.51000000000002,42.75002807016622
3904,0,249920,136.41,43.19475546869088
3905,0,249984,138.25,46.98821660799652
3906,0,250048,138.24,45.354298583486
3907,0,250112,135.35999999999999,43.53782723104129
3908,0,250176,138.95999999999998,45.29397752461137
3909,0,250240,135.48,42.47690666703497
3910,0,250304,138.41000000000003,44.610524542982006
3911,0,250368,134.68,41.57409770518178
3912,0,250432,138.31,42.707574269677266
3913,0,250496,136.85000000000002,43.45098963199803
3914,0,250560,141.21,42.828552392066676
3915,0,250624,135.17000000000002,43.468771549239804
3916,0,250688,136.70000000000002,44.038460463553896
3917,0,250752,140.32999999999998,43.64901029805831
3918,0,250816,137.7,43.581142711039604
3919,0,250880,134.72,43.73144863825117
3920,0,250944,136.45,43.08468985614264
3921,0,251008,136.85999999999999,42.676485328574095
3922,0,251072,135.88999999999996,44.627288736825584
3923,0,251136,140.82,46.13280394686627
3924,0,251200,137.85,43.21777990596
3925,0,251264,134.28000000000003,43.75085827729555
3926,0,251328,135.06,41.55818090340336
3927,0,251392,135.45,44.09891722026744
3928,0,251456,138.1,44.058075309754514
3929,0,251520,136.43,42.704005666916075
3930,0,251584,137.17,42.879156941339225
3931,0,251648,135.45,44.73113568869004
3932,0,251712,135.77,41.89470252907878
3933,0,251776,138.01000000000002,45.08723655315327
3934,0,251840,138.12,44.63280856051969
3935,0,251904,136.0,43.63237330240013
3936,0,251968,133.93,42.65255092019702
3937,0,252032,137.45,45.213432738512566
3938,0,252096,135.83999999999997,41.77980852038458
3939,0,252160,136.98,43.95927205948706
3940,0,252224,138.38,46.5133701208588
3941,0,252288,133.8,41.60550444352285
3942,0,252352,132.45999999999998,45.466321601818635
3943,0,252416,136.50000000000003,45.09084164217829
3944,0,252480,137.92,43.96468582851468
3945,0,252544,136.31,46.02897891546151
3946,0,252608,133.92,42.42107495101933
3947,0,252672,137.23,45.82174265564329
3948,0,252736,136.07,42.59115048927418
3949,0,252800,136.92,45.37133015462518
3950,0,252864,136.13000000000002,44.90585819244522
3951,0,252928,136.76000000000002,44.576051866445056
3952,0,252992,132.95,42.1925171090799
3953,0,253056,135.03,42.507506395929646
3954,0,253120,136.85,43.879796034165885
3955,0,253184,135.92000000000002,43.326892341823914
3956,0,253248,138.92000000000002,42.84926603805484
3957,0,253312,134.89,45.64687174385557
3958,0,253376,134.58999999999997,47.88382712357065
3959,0,253440,136.35,44.36436069639683
3960,0,253504,142.47000000000003,49.45804383515385
3961,0,253568,137.03000000000003,43.881204404619524
3962,0,253632,139.20000000000002,45.56880511929186
3963,0,253696,140.79,45.36182205335231
3964,0,253760,135.44,44.87050701741624
3965,0,253824,142.68,46.31986183053659
3966,0,253888,137.65,47.663429377248974
3967,0,253952,139.26000000000002,45.25320320154144
3968,0,254016,138.54,47.12681190150677
3969,0,254080,140.19,46.19472805418384
3970,0,254144,139.51,45.10391224716543
3971,0,254208,141.29,47.0120931250673
3972,0,254272,140.92999999999998,45.035875699268914
3973,0,254336,137.88,48.608081632584515
3974,0,254400,139.64999999999998,46.54692793300112
3975,0,254464,136.71999999999997,45.87853092678535
3976,0,254528,139.66000000000003,47.635663110740886
3977,0,254592,138.34,46.1458817230747
3978,0,254656,141.82,48.5622240017897
3979,0,254720,140.84,48.397669365373375
3980,0,254784,142.26999999999998,47.662564975040944
3981,0,254848,140.36999999999998,47.54444341876346
3982,0,254912,140.18,49.93885861731323
3983,0,254976,142.3,49.460448845516964
3984,0,255040,141.65,48.12101931588732
3985,0,255104,139.8,50.22843816007023
3986,0,255168,141.35999999999999,47.77956048353731
3987,0,255232,142.89000000000001,48.5324726343095
3988,0,255296,142.3,47.94968195932065
3989,0,255360,138.73,48.30958600526401
3990,0,255424,138.4,48.67099752419299
3991,0,255488,143.9,48.728123296511235
3992,0,255552,142.8,49.194674508527854
3993,0,255616,143.60999999999999,50.40645692765957
3994,0,255680,139.39999999999998,49.95550019767594
3995,0,255744,137.98,48.98703501948245
3996,0,255808,140.77,48.021121394653
3997,0,255872,141.56,50.33154478058467
3998,0,255936,139.44,50.818229012825704
3999,0,256000,142.63,48.13119674389989
4000,0,256064,138.6,49.07783613811839
4001,0,256128,136.58,50.54995153311227
4002,0,256192,140.44,49.73102050028734
4003,0,256256,141.03000000000003,47.96259063061544
4004,0,256320,137.49,46.9831767763739
4005,0,256384,138.4,50.288328665804755
4006,0,256448,136.25,48.26154266079774
4007,0,256512,136.51000000000002,50.56466058424599
4008,0,256576,137.18,49.504622006434914
4009,0,256640,135.57999999999998,48.49519151421097
4010,0,256704,137.83999999999997,49.30134278090202
4011,0,256768,140.20000000000002,48.82949928066025
4012,0,256832,141.90000000000003,46.730867742852794
4013,0,256896,136.32999999999998,49.728966407919636
4014,0,256960,138.38,49.05686088611867
4015,0,257024,135.61999999999998,50.44461913821929
4016,0,257088,136.35,47.64991605449059
4017,0,257152,137.46999999999997,50.11305318976284
4018,0,257216,134.81,47.10871363134426
4019,0,257280,134.38,49.492783312317364
4020,0,257344,137.1,50.617743924438194
4021,0,257408,132.87,49.314136918332046
4022,0,257472,134.20000000000002,49.08690253010471
4023,0,257536,139.0,50.395634731591585
4024,0,257600,136.98,48.417162246459675
4025,0,257664,139.06,49.42346001647395
4026,0,257728,138.55,49.77264811118653
4027,0,257792,134.41,48.17880135495279
4028,0,257856,134.27,50.99898136237625
4029,0,257920,135.23,49.222130185517166
4030,0,257984,136.55,50.55807057236263
4031,0,258048,134.04000000000002,48.6866552558296
4032,0,258112,137.32999999999998,52.127671154579694
4033,0,258176,135.31,48.45974514996958
4034,0,258240,135.66000000000003,50.28560827910904
4035,0,258304,131.39000000000001,51.84514345625827
4036,0,258368,134.81,50.0714978805308
4037,0,258432,135.91000000000003,50.52489386431207
4038,0,258496,134.17,51.69007738434912
4039,0,258560,134.35999999999999,48.598213958951206
4040,0,258624,135.45999999999998,49.4506865473069
4041,0,258688,133.72,51.96167433791948
4042,0,258752,136.69,49.57712073124053
4043,0,258816,134.41,51.09529234675148
4044,0,258880,138.35,52.15473612242708
4045,0,258944,132.99,52.46388186171511
4046,0,259008,134.2,50.534918620692366
4047,0,259072,137.70000000000002,50.57018884678996
4048,0,259136,134.40000000000003,50.023594433027306
4049,0,259200,134.81,51.02739362342545
4050,0,259264,135.75000000000003,51.09728466366877
4051,0,259328,133.38,50.163688062182985
4052,0,259392,136.81,50.80778385247678
4053,0,259456,135.3,51.95873362583041
4054,0,259520,136.23999999999998,50.478316136733405
4055,0,259584,136.54000000000002,51.00943442148717
4056,0,259648,137.13,51.29791516231435
4057,0,259712,134.04000000000002,51.31838267131963
4058,0,259776,134.82999999999998,50.67413640112676
4059,0,259840,136.55,51.74920772340385
4060,0,259904,131.48,50.18867999858136
4061,0,259968,133.21,50.05539831027219
4062,0,260032,132.23,49.565351809504996
4063,0,260096,132.52,50.532698324946
4064,0,260160,132.4,48.55252825548841
4065,0,260224,131.48,51.338266429633165
4066,0,260288,133.03,50.73304741487544
4067,0,260352,133.46999999999997,49.04756976650321
4068,0,260416,132.31,50.116772641501974
4069,0,260480,129.49,49.803221783334465
4070,0,260544,131.87,48.95165063611237
4071,0,260608,129.32000000000002,48.8877039755397
4072,0,260672,132.82,50.698733711997185
4073,0,260736,130.81,48.93968634962836
4074,0,260800,128.37,50.13254531738839
4075,0,260864,130.56,49.81773178297061
4076,0,260928,131.92000000000002,49.027498406506524
4077,0,260992,129.82999999999998,51.44505904360496
4078,0,261056,129.5,50.97736752716837
4079,0,261120,131.43,51.22503391897364
4080,0,261184,130.11,50.501335625902016
4081,0,261248,129.17000000000002,49.63194636521925
4082,0,261312,130.66000000000003,50.13240867941615
4083,0,261376,131.84,50.18532056288971
4084,0,261440,131.07999999999998,51.166410857123836
4085,0,261504,131.42000000000002,49.91899037440561
4086,0,261568,131.11,49.83846807437002
4087,0,261632,129.79000000000002,51.36415968357703
4088,0,261696,132.12,50.896459601823
4089,0,261760,131.47,50.545861353824016
4090,0,261824,130.22,50.62603677950705
4091,0,261888,131.07,51.12027093042446
4092,0,261952,130.85,48.90734607397952
4093,0,262016,131.73,51.0698159385757
4094,0,262080,131.85999999999999,50.436260765445326
4095,0,262144,129.6,50.3973015150613
4096,0,262208,129.72,50.17829809788291
4097,0,262272,130.38000000000002,49.023255705838224
4098,0,262336,128.63,49.18367717037838
4099,0,262400,131.06,48.32291795825248
4100,0,262464,131.55,49.8741666597047
4101,0,262528,131.35,52.07003456883815
4102,0,262592,130.17000000000002,49.801788120508284
4103,0,262656,131.14000000000001,50.38
4104,0,262720,132.32999999999998,51.16741248099223
4105,0,262784,131.71,50.53714376574917
4106,0,262848,131.5,49.82344829495445
4107,0,262912,130.94,46.96254252060891
4108,0,262976,129.38,49.65532801220832
4109,0,263040,130.68,50.05966040635913
4110,0,263104,130.12,49.69406000720811
4111,0,263168,131.87,48.619544424027666
4112,0,263232,130.53,48.23575541027631
4113,0,263296,130.10999999999999,51.022925239543056
4114,0,263360,129.65,48.765751301502576
4115,0,263424,129.85,49.55968623790913
4116,0,263488,131.94,51.019255188605015
4117,0,263552,131.74,48.793630731889586
4118,0,263616,131.39000000000001,50.820929743561365
4119,0,263680,130.45999999999998,49.239256696258124
4120,0,263744,129.12,51.516731262765504
4121,0,263808,128.4,50.56049841526486
4122,0,263872,129.0,49.78582127473644
4123,0,263936,132.07000000000002,50.56053896073498
4124,0,264000,128.05,50.96146092882346
4125,0,264064,128.02,49.74438259743506
4126,0,264128,129.57,49.62406774942981
4127,0,264192,129.66,50.855170828540146
4128,0,264256,128.58,50.07843448032296
4129,0,264320,130.42000000000002,51.00830912704321
4130,0,264384,129.02,50.55796277541254
4131,0,264448,129.39000000000001,51.952814168243094
4132,0,264512,130.13,50.95335219590562
4133,0,264576,129.63,53.335205071322264
4134,0,264640,132.25,51.13506135715494
4135,0,264704,128.44,53.940174267423345
4136,0,264768,129.74,49.703504906595875
4137,0,264832,129.59,50.804024446888064
4138,0,264896,131.82,51.732403771717394
4139,0,264960,128.24,50.571201290853274
4140,0,265024,130.69,52.74314078626717
4141,0,265088,129.3,53.06398025026015
4142,0,265152,128.07,50.72947959520184
4143,0,265216,128.36999999999998,53.32672969534134
4144,0,265280,127.35,53.11725237622895
4145,0,265344,126.7,51.554185087148845
4146,0,265408,125.71000000000001,52.751823665158724
4147,0,265472,127.10999999999999,55.26468040258624
4148,0,265536,128.06,56.413122586859174
4149,0,265600,124.35000000000002,54.456611168892984
4150,0,265664,123.05,54.503105416113684
4151,0,265728,123.78,57.65911549789851
4152,0,265792,127.10999999999999,56.24200298709142
4153,0,265856,126.56000000000002,57.1790905838839
4154,0,265920,124.31999999999998,58.54623472094512
4155,0,265984,129.56,58.4887373773789
4156,0,266048,126.87,56.26034216035306
4157,0,266112,126.35999999999999,56.233907920399766
4158,0,266176,127.53,57.55941365232971
4159,0,266240,127.42,55.46079335891256
4160,0,266304,131.42000000000002,54.94717099178082
4161,0,266368,126.88000000000002,53.75676329542172
4162,0,266432,130.56,53.437312806689675
4163,0,266496,130.32999999999998,54.02497663118421
4164,0,266560,131.73,53.95618685563315
4165,0,266624,131.07999999999998,54.97964714328385
4166,0,266688,128.98000000000002,54.55637084704224
4167,0,266752,132.11999999999998,55.49752787287016
4168,0,266816,129.56,53.96382492003323
4169,0,266880,131.44,53.689481278924646
4170,0,266944,132.44,53.97835121601993
4171,0,267008,131.29000000000002,53.18402861762166
4172,0,267072,132.81,53.18303206850847
4173,0,267136,135.07,51.432655968751995
4174,0,267200,131.92000000000002,54.058094676005744
4175,0,267264,132.29000000000002,54.18915850979788
4176,0,267328,131.31,52.42273266436995
4177,0,267392,133.67000000000002,52.37211185354282
4178,0,267456,131.57,51.84370839359391
4179,0,267520,134.29,54.05065124492026
4180,0,267584,131.95,52.50394747064262
4181,0,267648,131.37,52.757597557129145
4182,0,267712,132.16,51.62236337092675
4183,0,267776,129.72,53.94976923027568
4184,0,267840,131.78000000000003,52.39257199260216
4185,0,267904,130.85999999999999,53.63704316980943
4186,0,267968,132.64,52.21199479046936
4187,0,268032,130.64000000000001,52.00638806915936
4188,0,268096,130.51,52.361788548520764
4189,0,268160,133.81,51.98573746711688
4190,0,268224,132.38,53.04657953157771
4191,0,268288,130.15,52.02186559515143
4192,0,268352,128.53,52.29575604195813
4193,0,268416,128.78000000000003,52.2223860044713
4194,0,268480,131.32999999999998,53.84238200525679
4195,0,268544,131.36,53.029467279994435
4196,0,268608,130.85,52.979510190261294
4197,0,268672,128.72,51.796328055181675
4198,0,268736,130.18,53.500500932234274
4199,0,268800,128.55,50.55488601510244
4200,0,268864,131.45,52.493661522130466
4201,0,268928,129.5,52.023398581792016
4202,0,268992,129.04000000000002,52.307823506622796
4203,0,269056,128.31,53.3365250086655
4204,0,269120,131.28000000000003,50.05610452282519
4205,0,269184,128.95999999999998,53.811099226832376
4206,0,269248,127.6,52.540898355471626
4207,0,269312,130.57,52.04257968241006
4208,0,269376,130.31,51.90652078496497
4209,0,269440,128.97,52.41936760396867
4210,0,269504,127.72,50.77191743473946
4211,0,269568,128.94,52.35613049108958
4212,0,269632,130.82,51.80681036311732
4213,0,269696,128.87,52.64245529988129
4214,0,269760,129.81,51.36472427649154
4215,0,269824,128.8,51.92080507850394
4216,0,269888,129.45,49.324076271127474
4217,0,269952,130.04000000000002,49.650442092694405
4218,0,270016,130.17,51.48693135155755
4219,0,270080,131.71999999999997,51.85585405718432
4220,0,270144,129.39,52.9581240226653
4221,0,270208,131.03,51.262618934268275
4222,0,270272,128.85999999999999,50.7002603543611
4223,0,270336,133.63,49.674481376255955
4224,0,270400,129.94,51.93586814524237
4225,0,270464,131.81,48.5659438289837
4226,0,270528,130.04,50.747319141014735
4227,0,270592,130.81,50.2698806443779
4228,0,270656,132.49999999999997,54.00090739978357
4229,0,270720,132.87000000000003,52.31841071745204
4230,0,270784,131.18,50.4135656346583
4231,0,270848,132.64000000000004,49.84339876051793
4232,0,270912,130.16,52.890683489627925
4233,0,270976,134.89000000000001,48.52791876847801
4234,0,271040,132.31,50.00454879308482
4235,0,271104,132.88,49.55840594692287
4236,0,271168,131.91,48.68680416704304
4237,0,271232,133.42999999999998,51.75534851587805
4238,0,271296,131.7,50.40101189460386
4239,0,271360,132.35000000000002,51.985098826490656
4240,0,271424,133.45,49.341529161549104
4241,0,271488,133.67000000000002,50.279917462143864
4242,0,271552,133.27,50.142039248518806
4243,0,271616,133.68,48.7238709463852
4244,0,271680,132.45,49.80010542157517
4245,0,271744,134.45999999999998,50.005483699290416
4246,0,271808,131.94,48.1293507124291
4247,0,271872,135.59,49.497625195558626
4248,0,271936,132.01,49.04127751190827
4249,0,272000,131.25000000000003,48.05622228182319
4250,0,272064,131.88,50.769672049364274
4251,0,272128,131.47,48.38055497821413
4252,0,272192,131.95999999999998,50.24603864982791
4253,0,272256,133.79000000000002,50.58880212062745
4254,0,272320,133.92,48.60828735925593
4255,0,272384,132.98000000000002,49.74430218628059
4256,0,272448,133.12,49.73362645132566
4257,0,272512,128.84999999999997,47.067892453348705
4258,0,272576,130.89,46.84575647804186
4259,0,272640,130.48,51.571383537772185
4260,0,272704,130.87,46.93316631125584
4261,0,272768,133.01,48.9097423832921
4262,0,272832,131.68,50.980639462446916
4263,0,272896,130.54000000000002,47.65879142403845
4264,0,272960,133.08999999999997,51.17232552855107
4265,0,273024,134.93,48.54661780186133
4266,0,273088,132.27,48.30536305629014
4267,0,273152,135.26000000000002,45.55528948431784
4268,0,273216,131.76,50.03898879873573
4269,0,273280,132.32000000000002,46.806961020771254
4270,0,273344,135.16000000000003,48.745875722977836
4271,0,273408,136.32,48.94073558907753
4272,0,273472,131.15,48.28681497054864
4273,0,273536,133.32,48.02961169945057
4274,0,273600,135.50000000000003,48.452244530052475
4275,0,273664,137.95,47.85823335644558
4276,0,273728,138.11999999999998,49.02923209678079
4277,0,273792,133.66000000000003,45.890962073157716
4278,0,273856,133.9,46.967903934495524
4279,0,273920,136.98,50.448920702032865
4280,0,273984,135.23000000000002,47.35109396835516
4281,0,274048,134.76000000000002,51.21013962097741
4282,0,274112,138.11999999999998,49.312610963119766
4283,0,274176,134.20999999999998,46.72180326143245
4284,0,274240,134.16000000000003,47.23465253391835
4285,0,274304,137.28,47.24905924989407
4286,0,274368,134.75,46.554596980319786
4287,0,274432,136.17,45.97349345003053
4288,0,274496,133.63000000000002,46.8359060977793
4289,0,274560,132.20000000000002,48.45290496967132
4290,0,274624,135.99,48.429483788287484
4291,0,274688,133.92000000000002,46.93857262422879
4292,0,274752,134.2,44.587980443164284
4293,0,274816,133.05,44.53873033664072
4294,0,274880,131.23,46.789444322411015
4295,0,274944,132.09999999999997,47.38204301209478
4296,0,275008,133.08999999999997,45.63348441659918
4297,0,275072,130.73,45.6923855800942
4298,0,275136,129.9,44.575666007363246
4299,0,275200,134.2,48.592633186523244
4300,0,275264,132.55,44.50319651440782
4301,0,275328,135.38000000000002,46.302371429549915
4302,0,275392,131.93,46.33193391172011
4303,0,275456,131.67000000000002,40.88513299476963
4304,0,275520,131.12,45.915461448187585
4305,0,275584,132.07999999999998,48.55174147237151
4306,0,275648,134.1,44.660183609116515
4307,0,275712,130.56,45.61430038924197
4308,0,275776,134.52,44.98797172578466
4309,0,275840,129.98,46.51906705857288
4310,0,275904,131.82,45.30235755454676
4311,0,275968,129.81,45.56304313805214
4312,0,276032,130.99,47.33492262590064
4313,0,276096,131.9,45.13856444327843
4314,0,276160,134.48999999999998,48.091547074304025
4315,0,276224,131.07999999999998,47.042742267006496
4316,0,276288,131.39,46.43127071274272
4317,0,276352,129.61,45.077898132011434
4318,0,276416,130.85,46.70049785601863
4319,0,276480,129.35999999999999,47.91912353121664
4320,0,276544,132.66,45.292873611640054
4321,0,276608,133.67000000000002,46.179585316457754
4322,0,276672,132.85999999999996,48.458212926190335
4323,0,276736,131.29,45.88626047086425
4324,0,276800,130.25000000000003,45.42955535771839
4325,0,276864,134.26999999999998,46.87929287009351
4326,0,276928,131.95999999999998,47.04296334203448
4327,0,276992,130.48000000000002,46.78398871408893
4328,0,277056,132.86,45.59248183637298
4329,0,277120,128.48,46.09216419305997
4330,0,277184,134.59999999999997,48.41152755284634
4331,0,277248,133.6,45.395616528471116
4332,0,277312,131.33999999999997,45.41753405899532
4333,0,277376,131.59,46.416364571129435
4334,0,277440,130.07999999999998,47.29800841473138
4335,0,277504,136.19,48.20146159609685
4336,0,277568,131.48,46.35449924225263
4337,0,277632,130.29,47.084805404716285
4338,0,277696,130.55,46.794321236662896
4339,0,277760,131.79999999999998,47.11889217712997
4340,0,277824,131.64000000000001,48.13471096828151
4341,0,277888,130.04000000000002,44.62589382858342
4342,0,277952,131.06,46.88897951544691
4343,0,278016,130.58999999999997,47.388320290974654
4344,0,278080,131.35999999999999,45.68759569073426
4345,0,278144,129.85,45.97867440455411
4346,0,278208,133.57,46.75859386251901
4347,0,278272,128.13000000000002,47.16948271923278
4348,0,278336,133.78,46.289087266871014
4349,0,278400,133.53,47.01493486116939
4350,0,278464,131.20999999999998,49.141193514199465
4351,0,278528,133.44,49.083850704686974
4352,0,278592,129.50000000000003,48.95197646673728
4353,0,278656,128.79,52.928205146216705
4354,0,278720,125.53999999999999,48.999269382308135
4355,0,278784,128.4,50.58991994458975
4356,0,278848,125.83999999999999,54.23713119256954
4357,0,278912,124.13,51.67581736170218
4358,0,278976,126.84999999999998,51.7852150714854
4359,0,279040,122.75,54.64849952194479
4360,0,279104,124.83,52.74301944333487
4361,0,279168,129.71,55.06455211840009
4362,0,279232,121.09,51.33637014826818
4363,0,279296,124.38000000000002,52.04378541190101
4364,0,279360,122.25,54.15869736247355
4365,0,279424,125.68000000000002,52.41610057987908
4366,0,279488,125.05999999999999,53.0222066685271
4367,0,279552,118.90000000000002,53.00879172363769
4368,0,279616,124.2,54.04794168143686
4369,0,279680,120.00999999999999,52.503741771420444
4370,0,279744,119.60999999999999,49.91365444445037
4371,0,279808,125.46,52.267450674391995
4372,0,279872,125.82000000000001,52.04868490173406
4373,0,279936,124.46999999999998,50.60662110830953
4374,0,280000,128.14000000000001,49.98146056289272
4375,0,280064,124.38999999999999,47.26676316398237
4376,0,280128,122.27000000000002,50.000620996143645
4377,0,280192,127.43999999999998,52.77336828363336
4378,0,280256,124.28,50.09821952924075
4379,0,280320,126.09,51.16474274341658
4380,0,280384,125.68999999999998,50.72388884933803
4381,0,280448,127.01999999999998,48.91250964732846
4382,0,280512,127.04999999999998,50.19663833365737
4383,0,280576,126.75,49.20006605686623
4384,0,280640,129.07,48.360687546808094
4385,0,280704,129.15999999999997,45.34267746836307
4386,0,280768,127.41999999999999,45.70603461251041
4387,0,280832,130.83999999999997,48.47628698652569
4388,0,280896,130.93,48.11773165892175
4389,0,280960,132.42999999999998,47.14768393039048
4390,0,281024,132.23999999999998,49.21557070684033
4391,0,281088,126.78999999999999,46.890136489457994
4392,0,281152,128.62,48.48067243758073
4393,0,281216,131.57,48.36908206695678
4394,0,281280,131.74,48.35609992544891
4395,0,281344,127.85000000000002,46.82692067603848
4396,0,281408,128.41000000000003,47.13182470475761
4397,0,281472,126.18999999999998,48.11428997709517
4398,0,281536,128.32999999999998,45.50301198821899
4399,0,281600,129.87,45.02890294022274
4400,0,281664,128.34,49.33406936387875
4401,0,281728,129.32,45.329875358310886
4402,0,281792,132.76000000000002,47.26760412798601
4403,0,281856,129.88,47.85832842881164
4404,0,281920,128.49,46.53887514755809
4405,0,281984,128.95999999999998,44.95451478995185
4406,0,282048,128.06,45.53743954154647
4407,0,282112,130.08999999999997,48.60651088074519
4408,0,282176,130.62000000000003,47.93434676721901
4409,0,282240,127.79,48.19542405664671
4410,0,282304,128.18,46.37164650947818
4411,0,282368,129.53000000000003,46.32804873939761
4412,0,282432,128.19,46.778936499240764
4413,0,282496,127.25999999999996,46.38970144331606
4414,0,282560,129.44,48.14272946146697
4415,0,282624,126.77000000000001,48.78807333765087
4416,0,282688,125.51000000000002,47.53757356029018
4417,0,282752,128.28000000000003,47.08935760869966
4418,0,282816,126.36000000000001,51.376399251017965
4419,0,282880,128.41,46.71583136368227
4420,0,282944,124.91000000000001,48.71612566696986
4421,0,283008,128.73,46.03574806604102
4422,0,283072,126.31000000000002,49.78076837494576
4423,0,283136,123.97,46.22309055007032
4424,0,283200,127.5,48.18387697145177
4425,0,283264,127.27000000000001,48.18863040178668
4426,0,283328,125.05,48.134815882061915
4427,0,283392,124.38000000000002,46.1135511536468
4428,0,283456,128.46999999999997,47.73973292761492
4429,0,283520,127.15,45.28130408899461
4430,0,283584,128.07,49.819675831944146
4431,0,283648,126.03,50.593992726409724
4432,0,283712,123.99999999999997,49.48462387449257
4433,0,283776,128.78,47.47310396424485
4434,0,283840,126.78000000000002,48.62548303101986
4435,0,283904,125.14999999999998,48.52713158636105
4436,0,283968,127.48000000000002,48.23050486984353
4437,0,284032,128.35,46.16042135856214
4438,0,284096,126.38000000000002,47.061912413330596
4439,0,284160,127.63,45.03958370145088
4440,0,284224,126.08999999999999,47.777577376840696
4441,0,284288,128.64000000000001,46.376140417244734
4442,0,284352,126.97,44.6925955836087
4443,0,284416,126.89000000000001,44.70808539850482
4444,0,284480,127.81999999999998,47.44891568834845
4445,0,284544,124.91000000000001,44.57273718317061
4446,0,284608,126.97999999999999,44.37557436248009
4447,0,284672,128.46,45.680021891413325
4448,0,284736,127.46,44.996648764102424
4449,0,284800,127.14000000000001,45.14920154332743
4450,0,284864,128.54000000000002,46.33230406530632
4451,0,284928,128.9,43.99313582821757
4452,0,284992,129.07,47.667516192895974
4453,0,285056,131.26999999999998,49.25767046866913
4454,0,285120,127.3,46.07302898659909
4455,0,285184,130.23000000000002,46.34747134418447
4456,0,285248,128.42000000000002,46.18025119030861
4457,0,285312,129.09999999999997,45.654134533468046
4458,0,285376,129.86999999999998,45.67231218145191
4459,0,285440,127.22,41.48044840644806
4460,0,285504,130.85999999999999,45.66377557758447
4461,0,285568,129.86,43.96228383512394
4462,0,285632,128.07999999999998,43.92458992409604
4463,0,285696,126.72999999999999,42.99144217166947
4464,0,285760,128.97,43.377829590702206
4465,0,285824,130.11,45.79680010655766
4466,0,285888,128.42,40.952235592211565
4467,0,285952,127.05,44.584756363582386
4468,0,286016,129.97,43.58431025036418
4469,0,286080,128.82,43.522426402947715
4470,0,286144,130.11,44.32467597174287
4471,0,286208,132.8,44.18277945082224
4472,0,286272,132.12,45.49034622862305
4473,0,286336,132.02,46.4135066548521
4474,0,286400,131.32,43.81878136142081
4475,0,286464,133.01,46.76181027291395
4476,0,286528,131.02,45.755126488733474
4477,0,286592,131.67999999999998,46.02587967654719
4478,0,286656,131.10999999999999,43.33156932306976
4479,0,286720,131.9,44.840405885763346
4480,0,286784,133.78000000000003,44.79195909982059
4481,0,286848,132.39000000000001,44.39341054706205
4482,0,286912,131.15,44.5275027370725
4483,0,286976,135.01,43.096251577138354
4484,0,287040,133.96,44.430647080590674
4485,0,287104,132.7,44.83835411787547
4486,0,287168,130.88000000000002,42.29711101245569
4487,0,287232,130.97,43.514412554922544
4488,0,287296,134.35000000000002,46.600391629255654
4489,0,287360,129.40000000000003,41.81526037226123
4490,0,287424,130.01,43.9949417547063
4491,0,287488,133.76,42.013645402416586
4492,0,287552,129.73,43.947037442812906
4493,0,287616,130.23000000000002,44.46792214619433
4494,0,287680,130.84,43.72201276245182
4495,0,287744,133.32999999999998,45.288719345991666
4496,0,287808,132.55,44.02234091912878
4497,0,287872,133.53,44.34868769197123
4498,0,287936,131.39000000000001,45.18965478956439
4499,0,288000,132.76000000000002,45.31715348518704
4500,0,288064,135.18000000000004,46.87179962408101
4501,0,288128,132.06,45.54868164941769
4502,0,288192,132.29,43.213110279173385
4503,0,288256,136.35999999999999,46.85638056871231
4504,0,288320,134.18,45.133619398404115
4505,0,288384,136.23999999999995,47.94787169416386
4506,0,288448,135.98,47.10082377198938
4507,0,288512,136.57,47.60420254557364
4508,0,288576,134.60999999999999,46.831473391299575
4509,0,288640,134.09,45.760779058053636
4510,0,288704,133.88000000000002,44.018105365860535
4511,0,288768,133.07999999999998,46.2345714806572
4512,0,288832,135.72,47.31965342223038
4513,0,288896,135.14000000000004,45.83804533354362
4514,0,288960,132.89000000000004,45.80909189233071
4515,0,289024,133.63,46.90718601664355
4516,0,289088,135.57,48.341887633810906
4517,0,289152,133.57,45.977256333974516
4518,0,289216,137.81,48.028667480995146
4519,0,289280,132.83,46.713575114735114
4520,0,289344,135.82999999999998,47.371659248964455
4521,0,289408,135.48999999999998,46.01937526738059
4522,0,289472,135.29,49.24381077861461
4523,0,289536,136.53000000000003,46.91098059090216
4524,0,289600,133.04,44.99744881657181
4525,0,289664,138.18,46.41161061631022
4526,0,289728,136.35,47.46131582668142
4527,0,289792,136.76999999999998,48.45835428489085
4528,0,289856,136.11,47.02368445794098
4529,0,289920,133.9,47.670871609401054
4530,0,289984,137.13,47.973201894390996
4531,0,290048,136.84,48.84848411158733
4532,0,290112,137.2,47.37843391248807
4533,0,290176,135.44,49.53076215848087
4534,0,290240,134.82,48.690282398030924
4535,0,290304,138.57,50.174356996378144
4536,0,290368,136.5,47.49764204673744
4537,0,290432,137.99,49.54881330566858
4538,0,290496,136.99,49.223946408226965
4539,0,290560,139.14000000000001,50.006723547939025
4540,0,290624,136.18,46.656656545449124
4541,0,290688,136.51000000000002,47.88290822412523
4542,0,290752,137.44,48.753055288873945
4543,0,290816,136.10000000000002,48.78833877065298
4544,0,290880,136.87,49.46546370954183
4545,0,290944,135.31,45.13717868896991
4546,0,291008,137.59999999999997,49.19603642571218
4547,0,291072,138.20000000000002,46.9440305044209
4548,0,291136,140.26000000000002,48.675747554608755
4549,0,291200,139.6,48.7
4550,0,291264,139.45,49.41913091101461
4551,0,291328,138.97999999999996,48.35602961368934
4552,0,291392,139.89999999999998,49.92630569148893
4553,0,291456,138.95000000000002,49.29511639097731
4554,0,291520,140.06,51.46723617992324
4555,0,291584,139.83,47.48006002523586
4556,0,291648,138.96999999999997,49.11193439480876
4557,0,291712,139.39000000000001,49.085709733078126
4558,0,291776,139.58999999999997,48.208763726111044
4559,0,291840,139.57999999999998,50.50257023162286
4560,0,291904,138.34999999999997,47.768802580763946
4561,0,291968,138.87000000000003,48.88161310758883
4562,0,292032,140.81,49.16011493070373
4563,0,292096,139.3,48.77081094261197
4564,0,292160,139.74,49.02142796777752
4565,0,292224,140.11,49.45038826945649
4566,0,292288,140.73,47.8093515956868
4567,0,292352,140.2,48.58223955315357
4568,0,292416,138.82,45.87986050545489
4569,0,292480,141.13000000000002,50.4346121230252
4570,0,292544,139.56,48.80391787551487
4571,0,292608,139.2,49.047324086029406
4572,0,292672,140.01,47.40460842576384
4573,0,292736,140.07999999999998,49.44093041195726
4574,0,292800,142.53,46.87880224579122
4575,0,292864,140.63,50.292207149815965
4576,0,292928,139.76,47.958131740091794
4577,0,292992,140.82,50.17692298258233
4578,0,293056,140.31,47.61135263779008
4579,0,293120,139.32999999999998,46.723827968179144
4580,0,293184,138.76999999999998,48.398038183380955
4581,0,293248,140.0,47.4825231006104
4582,0,293312,141.17000000000002,47.51374643195378
4583,0,293376,140.51,47.52290921229466
4584,0,293440,137.46999999999997,47.52069128285067
4585,0,293504,139.95,46.31557513407342
4586,0,293568,140.47,47.35217101675487
4587,0,293632,140.98,47.54378613446767
4588,0,293696,138.38,46.11545944691433
4589,0,293760,138.9,47.30035940666836
4590,0,293824,138.66,47.328114266258275
4591,0,293888,142.73000000000005,47.87939118242837
4592,0,293952,140.84,48.244050410387395
4593,0,294016,139.60999999999996,46.357339224765695
4594,0,294080,141.55,47.37394325998206
4595,0,294144,140.54000000000002,47.31830935272308
4596,0,294208,140.51999999999998,46.27283868534542
4597,0,294272,140.59,45.73500737946809
4598,0,294336,142.83999999999997,47.46099872526915
4599,0,294400,137.07,47.01285037093582
4600,0,294464,137.98,45.92358435488241
4601,0,294528,140.26,47.058606014203185
4602,0,294592,140.15,47.07290622003277
4603,0,294656,141.01,48.80490651563631
4604,0,294720,141.46999999999997,47.747733977645474
4605,0,294784,139.20999999999998,46.985368999295936
4606,0,294848,135.54000000000002,48.67285074864631
4607,0,294912,136.3,51.48463848566871
4608,0,294976,133.35,50.81671476984714
4609,0,295040,135.44,52.71922230078892
4610,0,295104,133.05,52.55232154719713
4611,0,295168,133.07,51.17280625488502
4612,0,295232,132.95999999999998,54.90189796354949
4613,0,295296,136.60999999999999,53.59452304107202
4614,0,295360,133.81,54.01872730822154
4615,0,295424,132.98000000000002,51.01379813344621
4616,0,295488,131.78000000000003,52.689786486566824
4617,0,295552,136.14000000000001,51.44132968732438
4618,0,295616,137.1,49.528678561011496
4619,0,295680,137.01000000000002,49.630685064786284
4620,0,295744,136.65,47.816550482024525
4621,0,295808,138.90000000000003,48.29648020301273
4622,0,295872,135.67000000000002,43.822757786337455
4623,0,295936,140.20999999999998,48.39296333145967
4624,0,296000,135.87,46.847348911117685
4625,0,296064,137.61,48.30849718217283
4626,0,296128,142.12,50.739704374385155
4627,0,296192,140.66,46.42176644635574
4628,0,296256,139.19,48.262002652190056
4629,0,296320,140.07,47.95545954320529
4630,0,296384,138.45,48.31486831193892
4631,0,296448,138.82,47.80652256753256
4632,0,296512,139.29999999999998,46.32837143694995
4633,0,296576,139.27,48.068306606328456
4634,0,296640,137.22,45.83694579703146
4635,0,296704,139.45999999999998,45.17282811602568
4636,0,296768,136.70000000000002,46.16461848645562
4637,0,296832,139.64000000000001,47.19958050661044
4638,0,296896,138.44,48.28830500235021
4639,0,296960,143.96,45.1970839767346
4640,0,297024,138.84,46.61259915516405
4641,0,297088,141.73,46.53302160831596
4642,0,297152,141.03999999999996,47.43296743827019
4643,0,297216,140.14000000000001,44.981934151390156
4644,0,297280,142.90000000000003,48.1216791061991
4645,0,297344,141.37,49.58520041302647
4646,0,297408,142.57999999999998,48.15607542148758
4647,0,297472,141.93,47.682912033557685
4648,0,297536,142.22,49.889213262989024
4649,0,297600,142.40000000000003,49.42286920040155
4650,0,297664,137.35999999999999,46.041659396681176
4651,0,297728,140.94,47.21517129059261
4652,0,297792,141.9,47.40793182580315
4653,0,297856,143.54999999999998,47.88244459089365
4654,0,297920,141.81,48.05368768367315
4655,0,297984,141.42000000000002,49.357143353318165
4656,0,298048,142.65,45.41639021322589
4657,0,298112,144.38,48.62788911725452
4658,0,298176,139.78,49.0395309928633
4659,0,298240,141.26000000000002,45.21805391654975
4660,0,298304,138.63,52.15831764924938
4661,0,298368,140.91,49.57004034696764
4662,0,298432,141.84999999999997,46.14564443151704
4663,0,298496,141.38,49.03665567715646
4664,0,298560,141.02,47.830111854353845
4665,0,298624,141.18,49.97909162839998
4666,0,298688,140.44,46.844128767648144
4667,0,298752,141.15000000000003,47.27270354020383
4668,0,298816,139.98,47.68406022980845
4669,0,298880,140.99,47.87428224005035
4670,0,298944,139.76000000000002,50.030894455326305
4671,0,299008,143.08,50.58760322450551
4672,0,299072,140.4,50.84749748021037
4673,0,299136,142.92000000000002,48.125020519476145
4674,0,299200,139.69,48.115848740305935
4675,0,299264,143.45,49.29314861114068
4676,0,299328,140.92000000000002,48.19360538494708
4677,0,299392,139.45999999999998,49.65265753209994
4678,0,299456,140.22999999999996,48.34120499118738
4679,0,299520,142.45000000000002,49.327948467374966
4680,0,299584,140.92,47.848067881576995
4681,0,299648,142.72,49.61682779057928
4682,0,299712,141.39000000000001,49.51489573855528
4683,0,299776,139.87,48.91269876013794
4684,0,299840,139.42000000000002,49.551645784978724
4685,0,299904,139.06,50.82680788717702
4686,0,299968,139.5,50.98735137266889
4687,0,300032,141.49,48.83864146349691
4688,0,300096,139.27000000000004,51.722781247724875
4689,0,300160,142.23999999999998,49.635354335392826
4690,0,300224,140.51000000000002,49.79183567614273
4691,0,300288,141.78,46.18884713867624
4692,0,300352,140.64000000000001,49.07574146154086
4693,0,300416,141.42000000000002,48.99640394967778
4694,0,300480,137.79,48.10148542404902
4695,0,300544,141.44,50.812344956713034
4696,0,300608,139.34,49.88465094595731
4697,0,300672,139.85999999999999,49.77099958811356
4698,0,300736,139.86999999999998,48.10596740530223
4699,0,300800,141.76000000000002,48.76529913780905
4700,0,300864,143.51000000000002,48.22811317063938
4701,0,300928,141.14,47.93936169787828
4702,0,300992,140.44,49.07154368878159
4703,0,301056,139.14,46.818761196768115
4704,0,301120,143.70999999999998,47.937134874750285
4705,0,301184,142.07999999999998,50.13212143925289
4706,0,301248,141.08,44.92348606241505
4707,0,301312,138.70000000000002,48.968438815220566
4708,0,301376,139.65,45.95807328424463
4709,0,301440,139.62,47.80470269753804
4710,0,301504,140.43,48.91094049392222
4711,0,301568,137.0,45.9681193872449
4712,0,301632,137.68,47.397907126792
4713,0,301696,138.65,46.16471054820987
4714,0,301760,138.69,47.00898743857391
4715,0,301824,138.44,46.46571208966887
4716,0,301888,135.44,45.72349942863079
4717,0,301952,137.01000000000002,47.32947179084085
4718,0,302016,134.56,46.649934619461156
4719,0,302080,135.43,44.29566683096666
4720,0,302144,136.21999999999997,45.26587677268607
4721,0,302208,135.91,45.904018342624425
4722,0,302272,137.43,45.697397081234286
4723,0,302336,136.04,43.58665392066704
4724,0,302400,136.22,41.6265732435424
4725,0,302464,133.87,43.87003647137759
4726,0,302528,135.94,44.40817942676777
4727,0,302592,135.67,45.48351459595004
4728,0,302656,134.76000000000002,45.75406430034386
4729,0,302720,136.16,43.20398592722667
4730,0,302784,133.68,44.55025925850489
4731,0,302848,134.53,44.162315383140864
4732,0,302912,132.51,43.997123769628395
4733,0,302976,134.98999999999998,45.3645335036083
4734,0,303040,130.95999999999998,43.799251135150705
4735,0,303104,132.96999999999997,45.60397022190064
4736,0,303168,133.05,42.9580784020887
4737,0,303232,131.03,44.781492829069464
4738,0,303296,130.48,42.8875692946103
4739,0,303360,130.87000000000003,43.94615000201952
4740,0,303424,132.07999999999998,43.74930399446373
4741,0,303488,133.0,44.69362370629618
4742,0,303552,133.92000000000002,44.00829012811109
4743,0,303616,135.66,42.53368547398638
4744,0,303680,133.44,44.649326982609715
4745,0,303744,134.01000000000002,44.38978373454865
4746,0,303808,135.21999999999997,45.553524561772385
4747,0,303872,136.81,45.27351212353643
4748,0,303936,135.7,44.387385595459435
4749,0,304000,136.5,44.47052956734381
4750,0,304064,133.28,41.16592765868395
4751,0,304128,134.60999999999999,47.75404590189192
4752,0,304192,134.74,43.632538317177925
4753,0,304256,133.56,43.150045191169845
4754,0,304320,137.39999999999998,43.623250681259414
4755,0,304384,134.44,45.01940026255348
4756,0,304448,130.16,41.86067844648483
4757,0,304512,134.04,42.26892948727233
4758,0,304576,134.21999999999997,41.67154424784376
4759,0,304640,132.32999999999998,42.399246455568054
4760,0,304704,133.56,44.91120572863748
4761,0,304768,131.82,42.64752747815516
4762,0,304832,131.82999999999998,41.90885467296857
4763,0,304896,134.06,42.039628923195785
4764,0,304960,133.17000000000002,43.361205010931144
4765,0,305024,131.16,40.795813510702295
4766,0,305088,131.94,41.23979146407023
4767,0,305152,132.75,43.11745006375029
4768,0,305216,132.46999999999997,43.03442923985399
4769,0,305280,128.57999999999998,39.46945147832688
4770,0,305344,133.3,41.227102735943014
4771,0,305408,132.23000000000002,40.72711750173341
4772,0,305472,128.76000000000002,41.589138005012806
4773,0,305536,131.21,41.31485084082962
4774,0,305600,130.42000000000002,41.44359540387393
4775,0,305664,128.96,42.24112214418551
4776,0,305728,131.67,42.26471459740383
4777,0,305792,132.10000000000002,40.82543324938512
4778,0,305856,131.92000000000002,41.31979670811559
4779,0,305920,129.39999999999998,40.8010784171203
4780,0,305984,129.86,39.79894973488622
4781,0,306048,127.1,43.23200203552919
4782,0,306112,128.11,44.05347772877869
4783,0,306176,128.49000000000004,40.56669693233601
4784,0,306240,128.08999999999997,39.42223864774805
4785,0,306304,129.39,41.63646118487977
4786,0,306368,128.81,38.85497265473237
4787,0,306432,128.06,40.88102738435031
4788,0,306496,132.2,40.01154833295008
4789,0,306560,129.66000000000003,40.08863180503919
4790,0,306624,129.23,41.71023974997027
4791,0,306688,129.60999999999999,41.34729616311083
4792,0,306752,130.01,39.530581832297884
4793,0,306816,129.97,37.770995485954565
4794,0,306880,128.93,40.857852366466844
4795,0,306944,131.44,41.47698639004527
4796,0,307008,131.91,39.659764245391074
4797,0,307072,128.91,38.0889603428605
4798,0,307136,130.13000000000002,40.0839381797747
4799,0,307200,130.23,40.59029563824338
4800,0,307264,131.74,39.83393528136531
4801,0,307328,130.13000000000002,38.33690258745482
4802,0,307392,134.22,39.92204403584566
4803,0,307456,132.11,37.74764760882458
4804,0,307520,132.67000000000002,37.781690009844716
4805,0,307584,130.55,40.6135014496411
4806,0,307648,132.62,40.0488901219497
4807,0,307712,130.01999999999998,40.579226212435344
4808,0,307776,133.43,39.957078221511644
4809,0,307840,133.14,39.46365923226076
4810,0,307904,131.08999999999997,40.88656136189494
4811,0,307968,132.51000000000002,40.08821397867458
4812,0,308032,131.52,40.04434541854817
4813,0,308096,131.32,41.894362389228455
4814,0,308160,132.63,38.66517942542101
4815,0,308224,135.23999999999998,41.22276555496975
4816,0,308288,132.25000000000003,39.79475467948006
4817,0,308352,131.25000000000003,43.8309536743156
4818,0,308416,130.10999999999999,39.74665897908905
4819,0,308480,131.92000000000002,42.694538292385836
4820,0,308544,134.95999999999998,42.3414265229692
4821,0,308608,132.9,39.45615287886035
4822,0,308672,134.11999999999998,43.30179672946609
4823,0,308736,132.07,41.64065441368567
4824,0,308800,132.43,43.01371990423521
4825,0,308864,128.82999999999998,42.04835430786799
4826,0,308928,131.78,41.38992147854354
4827,0,308992,132.2,41.92779507677455
4828,0,309056,131.77,44.177733079007126
4829,0,309120,132.79999999999998,42.78485713427123
4830,0,309184,129.44,42.668447358674776
4831,0,309248,135.27,43.392258526147266
4832,0,309312,131.99999999999997,41.227175503543776
4833,0,309376,132.81,39.831506373723805
4834,0,309440,129.89,40.98064055136279
4835,0,309504,130.86,40.3450666129082
4836,0,309568,134.13,43.40447096786229
4837,0,309632,132.52,44.407652493686264
4838,0,309696,131.94,41.261512332923516
4839,0,309760,130.0,38.4310031094688
4840,0,309824,132.12,42.53619164899462
4841,0,309888,129.63,41.16595802359031
4842,0,309952,132.49,38.120531213507505
4843,0,310016,130.36,41.82208029259186
4844,0,310080,130.07,40.42529035146192
4845,0,310144,131.29000000000002,41.94280510409383
4846,0,310208,132.14,40.86023005319475
4847,0,310272,131.04999999999998,42.108888610363486
4848,0,310336,133.2,38.03372187940591
4849,0,310400,132.57,44.92462687658074
4850,0,310464,128.37,40.262862541056364
4851,0,310528,126.57000000000001,39.81956930957441
4852,0,310592,132.11999999999998,40.38798831335872
4853,0,310656,128.99,39.30866189531259
4854,0,310720,126.21000000000001,41.016690505207755
4855,0,310784,126.85999999999999,41.62785605817335
4856,0,310848,127.11000000000001,41.909842519389166
4857,0,310912,129.36,40.855457407793146
4858,0,310976,125.58,37.79978306816059
4859,0,311040,129.55999999999997,40.198313397454875
4860,0,311104,127.39000000000001,40.36923209574341
4861,0,311168,125.05999999999999,40.69135534729704
4862,0,311232,129.48,41.5857379398274
4863,0,311296,127.92999999999999,42.09624805134063
4864,0,311360,128.74,40.92105081739715
4865,0,311424,127.29,41.36059598216641
4866,0,311488,127.75,42.10867487822432
4867,0,311552,129.3,42.60760495498427
4868,0,311616,130.55,41.18276945519813
4869,0,311680,132.0,41.378061820244795
4870,0,311744,130.32,42.87339034879327
4871,0,311808,130.64,42.21095118568166
4872,0,311872,128.36,39.51374950571003
4873,0,311936,128.55,42.516332156008005
4874,0,312000,127.37,39.72996476212885
4875,0,312064,128.39,40.50210982158831
4876,0,312128,131.06,40.434989798440654
4877,0,312192,130.69,41.41138611541517
4878,0,312256,129.37,41.83376746122682
4879,0,312320,131.37,39.321344076722504
4880,0,312384,131.17000000000002,40.26025459432665
4881,0,312448,126.17,39.433109185049055
4882,0,312512,128.57,39.76875783828305
4883,0,312576,129.89999999999998,39.308446929381475
4884,0,312640,130.33,38.90791821724725
4885,0,312704,126.69000000000001,40.24719741795694
4886,0,312768,129.42000000000002,42.37907030598949
4887,0,312832,127.43999999999998,42.94659939971964
4888,0,312896,128.18,40.47714910909611
4889,0,312960,131.76000000000002,41.49318498259684
4890,0,313024,131.17000000000002,39.764130821633714
4891,0,313088,126.83,36.570563298915694
4892,0,313152,130.60000000000002,42.41393638888048
4893,0,313216,128.24999999999997,39.79442800192007
4894,0,313280,124.93999999999997,39.883811252186014
4895,0,313344,126.80999999999999,38.147226635759516
4896,0,313408,126.6,37.72516401554803
4897,0,313472,125.89000000000001,41.02814765499413
4898,0,313536,126.92,40.073801915965
4899,0,313600,126.17999999999999,38.218733626325196
4900,0,313664,132.18,37.57301691373745
4901,0,313728,126.57000000000001,39.436050765765074
4902,0,313792,128.53,38.79585158235349
4903,0,313856,128.38000000000002,42.35539635040617
4904,0,313920,125.72999999999999,39.47371403858522
4905,0,313984,131.43,42.413489599418725
4906,0,314048,127.54,41.6493985550812
4907,0,314112,126.22999999999999,41.15922861279108
4908,0,314176,123.79,39.924264551773526
4909,0,314240,127.55999999999999,40.03151758302451
4910,0,314304,124.59,42.41932224823965
4911,0,314368,125.91,42.20486820261379
4912,0,314432,126.85,40.95210006825047
4913,0,314496,127.8,42.56724092538768
4914,0,314560,124.92999999999999,43.03742673534281
4915,0,314624,128.37,44.05333245056496
4916,0,314688,127.68999999999998,45.452468579825236
4917,0,314752,126.92999999999999,41.14005469126165
4918,0,314816,126.16999999999999,40.352299810543634
4919,0,314880,127.25999999999999,45.426010170385865
4920,0,314944,123.35999999999999,43.08543141248559
4921,0,315008,124.13999999999999,41.39321683561209
4922,0,315072,126.31999999999998,43.90874172644896
4923,0,315136,127.31999999999998,43.750012571426765
4924,0,315200,124.22999999999999,40.02351933551072
4925,0,315264,123.16,41.70026858426693
4926,0,315328,126.53000000000002,42.82387301494343
4927,0,315392,123.23000000000002,46.043610848846335
4928,0,315456,121.26000000000002,44.08909615766692
4929,0,315520,124.08999999999999,42.232367918457996
4930,0,315584,123.22,42.17415796432692
4931,0,315648,126.92,43.76596394459969
4932,0,315712,124.02000000000001,45.57391359100072
4933,0,315776,123.32000000000001,42.496277484033826
4934,0,315840,125.50999999999999,45.476641256803475
4935,0,315904,127.22,42.735296886765624
4936,0,315968,125.26000000000002,42.54640290318325
4937,0,316032,128.17999999999998,41.42766708372558
4938,0,316096,127.42,42.71172672697745
4939,0,316160,124.37,41.152741099469914
4940,0,316224,124.83,42.21817262743617
4941,0,316288,128.03,44.29544107467494
4942,0,316352,124.02000000000001,40.22901440502862
4943,0,316416,126.56999999999998,45.87463460344944
4944,0,316480,126.39000000000001,43.688155145302254
4945,0,316544,126.97999999999999,45.789404888030596
4946,0,316608,125.13,42.80971969074313
4947,0,316672,131.37,47.49970631488157
4948,0,316736,128.92000000000002,47.2499481481197
4949,0,316800,128.07,44.23661492474305
4950,0,316864,127.61000000000001,44.25061468499619
4951,0,316928,127.6,44.403130520268505
4952,0,316992,128.37,42.87724454766188
4953,0,317056,130.13,46.8702474924125
4954,0,317120,129.64000000000001,45.67811729920575
4955,0,317184,129.49,48.362370702851194
4956,0,317248,127.46,45.62065760157344
4957,0,317312,131.95999999999998,49.1494903330645
4958,0,317376,131.48,47.436985570333206
4959,0,317440,133.20999999999998,47.25677623367891
4960,0,317504,126.34,42.673813984690895
4961,0,317568,128.48,45.50696210471536
4962,0,317632,131.20999999999998,46.340100345165425
4963,0,317696,128.8,46.00130432933397
4964,0,317760,130.70999999999998,46.590266150774454
4965,0,317824,130.45,47.30541723735243
4966,0,317888,131.39000000000001,46.25279342915409
4967,0,317952,130.35,45.26920034637237
4968,0,318016,129.98,46.522613856059294
4969,0,318080,133.56,44.63485633448371
4970,0,318144,130.13000000000002,44.36832315965975
4971,0,318208,130.65,44.95467161486111
4972,0,318272,132.85,42.90848983592874
4973,0,318336,134.04000000000002,45.065201652716475
4974,0,318400,134.32,45.39992951536379
4975,0,318464,132.57,45.58721421626901
4976,0,318528,132.63,42.64633747462964
4977,0,318592,134.08,46.7434872468882
4978,0,318656,134.13000000000002,42.46638788500854
4979,0,318720,135.60000000000002,46.82755599003646
4980,0,318784,130.75,43.55280128763247
4981,0,318848,133.91,43.22042225615108
4982,0,318912,134.26000000000002,42.61056676459491
4983,0,318976,135.77,42.609248995963306
4984,0,319040,133.99,41.776295910480144
4985,0,319104,133.81,41.32806431470024
4986,0,319168,134.7,45.55890692279612
4987,0,319232,133.25,41.3732099310653
4988,0,319296,134.3,40.766579449347965
4989,0,319360,132.73,44.121469830457826
4990,0,319424,134.44,43.606907709673706
4991,0,319488,135.04000000000002,41.02146267504366
4992,0,319552,133.4,37.384221270477205
4993,0,319616,135.29000000000002,41.40771546463292
4994,0,319680,136.44,45.99493885200849
4995,0,319744,134.22,40.96851962177789
4996,0,319808,135.23999999999998,42.107605013821434
4997,0,319872,133.89,38.68913154879546
4998,0,319936,136.56,41.175725858811525
4999,0,320000,131.95,40.82242643449799
5000,0,320064,133.77,41.7569407404326
5001,0,320128,135.01999999999998,37.585364172773424
5002,0,320192,132.51000000000002,38.30695628733768
5003,0,320256,131.41,39.93728708863435
5004,0,320320,134.72,42.462755445213396
5005,0,320384,134.52999999999997,41.24449175344509
5006,0,320448,134.14,41.78892676295958
5007,0,320512,134.84999999999997,38.229785508161044
5008,0,320576,134.51,42.60935225980324
5009,0,320640,132.46,40.52653945256121
5010,0,320704,130.96999999999997,39.58012253644498
5011,0,320768,132.10999999999996,39.34632003123037
5012,0,320832,132.35,38.77953712978019
5013,0,320896,134.22,40.30336958617728
5014,0,320960,133.23,40.68980339102169
5015,0,321024,132.14000000000001,37.260386471425655
5016,0,321088,134.36,41.0149777520359
5017,0,321152,132.93,38.7266845986072
5018,0,321216,132.01999999999998,40.009318914472914
5019,0,321280,132.94,41.563474349481424
5020,0,321344,134.84,38.427443318545144
5021,0,321408,135.08999999999997,40.42074838495695
5022,0,321472,134.23,41.376322939575
5023,0,321536,135.85999999999999,39.00562010787676
5024,0,321600,133.88000000000002,38.55050713025705
5025,0,321664,135.7,39.907543146628306
5026,0,321728,136.01,39.07273857819541
5027,0,321792,133.93,41.647762244807346
5028,0,321856,133.5,39.200306121253696
5029,0,321920,132.58,40.25418735982631
5030,0,321984,133.98,42.22399317923401
5031,0,322048,133.15,40.59697648840367
5032,0,322112,135.98,40.18521618705067
5033,0,322176,133.45999999999998,41.468354199316856
5034,0,322240,131.49,41.17998178727135
5035,0,322304,133.07999999999998,39.75041635002079
5036,0,322368,128.70999999999998,38.659577079942295
5037,0,322432,133.53000000000003,40.21621687826939
5038,0,322496,131.29000000000002,37.528987463026496
5039,0,322560,129.8,39.434096921319245
5040,0,322624,130.59000000000003,40.053700203601664
5041,0,322688,131.48000000000002,42.02032365415574
5042,0,322752,133.67000000000002,39.04592296258343
5043,0,322816,130.84,41.10654935651982
5044,0,322880,130.95,38.92783708350619
5045,0,322944,132.08,39.71258742514771
5046,0,323008,132.60999999999999,39.834744884334334
5047,0,323072,134.41,44.31077634165305
5048,0,323136,132.66,41.288308272439544
5049,0,323200,132.61999999999998,40.26466937651419
5050,0,323264,133.07,44.73703275810768
5051,0,323328,134.67,42.739584696157266
5052,0,323392,131.83,40.9537312097445
5053,0,323456,132.17000000000002,41.709736273441
5054,0,323520,132.89000000000001,41.5410748536915
5055,0,323584,132.21999999999997,42.76107575821731
5056,0,323648,131.89000000000001,44.02268619700529
5057,0,323712,131.87000000000003,44.516088103066735
5058,0,323776,132.18,43.50528243788333
5059,0,323840,133.12,43.177327383709155
5060,0,323904,134.48,45.79864190126166
5061,0,323968,133.49,42.868530415679054
5062,0,324032,133.34999999999997,43.5388389831424
5063,0,324096,136.3,46.13627639938012
5064,0,324160,131.34,42.39231534134459
5065,0,324224,133.33999999999997,45.71164403081561
5066,0,324288,132.46,44.68812370194122
5067,0,324352,133.78,42.10992282111189
5068,0,324416,135.78,43.89307006806428
5069,0,324480,134.32,45.64935486948309
5070,0,324544,135.08999999999997,44.869933140132936
5071,0,324608,131.95,46.32375740373399
5072,0,324672,137.18,45.14992358797521
5073,0,324736,134.29000000000002,43.80884499732902
5074,0,324800,127.2,43.698741400639896
5075,0,324864,133.52,43.19747214826349
5076,0,324928,135.17000000000002,44.93969403545156
5077,0,324992,132.47,43.713660336329646
5078,0,325056,132.23999999999998,45.668417971285145
5079,0,325120,132.89000000000001,45.049982241949884
5080,0,325184,135.9,46.86201020016107
5081,0,325248,131.6,46.69505327119779
5082,0,325312,128.52,44.886942422045195
5083,0,325376,132.05,46.55736783796954
5084,0,325440,134.66000000000003,48.300293994964456
5085,0,325504,127.97,46.62778249069968
5086,0,325568,132.48,46.70757540271171
5087,0,325632,133.95,46.93905090646806
5088,0,325696,134.60999999999999,46.34929233548231
5089,0,325760,131.04,49.796389427347044
5090,0,325824,133.6,46.41430813876256
5091,0,325888,129.03,46.516922727110824
5092,0,325952,128.8,50.365504067764476
5093,0,326016,134.40000000000003,47.75468563397732
5094,0,326080,134.43,49.11034616045788
5095,0,326144,132.88,52.70580233712414
5096,0,326208,134.95,48.95077629619371
5097,0,326272,135.7,47.440973851724415
5098,0,326336,129.22,50.271498883562245
5099,0,326400,134.01,48.14211150333978
5100,0,326464,132.22,47.162904914773854
5101,0,326528,134.85,50.02194018628226
5102,0,326592,135.92,46.80255975905591
5103,0,326656,133.34,49.628564355620846
5104,0,326720,133.79000000000002,49.62466020034797
5105,0,326784,136.97,50.071290177106484
5106,0,326848,135.46999999999997,47.942508278144985
5107,0,326912,130.14,48.580617534156566
5108,0,326976,134.99,49.26902576670255
5109,0,327040,135.62,48.347694877832595
5110,0,327104,134.96999999999997,46.35782673939753
5111,0,327168,136.85,45.03174991047983
5112,0,327232,138.57,45.54064228796076
5113,0,327296,134.55,44.00189200477634
5114,0,327360,136.48,44.459842554826935
5115,0,327424,136.85,46.34762669220507
5116,0,327488,135.88000000000002,45.84462454857712
5117,0,327552,136.68,44.17127573435026
5118,0,327616,134.29000000000002,44.39250950329346
5119,0,327680,135.42999999999998,44.636981304743266
5120,0,327744,135.47,45.07775615533674
5121,0,327808,137.64000000000001,46.018196400989034
5122,0,327872,138.91,44.400100225112105
5123,0,327936,137.09,44.64666728883579
5124,0,328000,141.37,47.31898244890733
5125,0,328064,136.22,46.053985712422325
5126,0,328128,138.42,45.59710078502798
5127,0,328192,135.29000000000002,45.490844133737504
5128,0,328256,143.45,44.329048038504055
5129,0,328320,137.19,44.590659335784665
5130,0,328384,140.3,45.557941129950116
5131,0,328448,143.03,47.342920273257334
5132,0,328512,139.9,45.08942226287669
5133,0,328576,143.61999999999998,45.26945548601176
5134,0,328640,142.75,46.59552017093489
5135,0,328704,142.74,45.48960760437487
5136,0,328768,140.39,46.44401899060846
5137,0,328832,139.1,46.0072168251895
5138,0,328896,139.73999999999998,46.44651117145399
5139,0,328960,139.66000000000003,44.16356416776164
5140,0,329024,138.67000000000002,45.81746501062668
5141,0,329088,139.70999999999998,45.11184877612533
5142,0,329152,138.60999999999999,46.614299308259476
5143,0,329216,140.63,47.4256059529027
5144,0,329280,142.08,46.85349079844532
5145,0,329344,143.33999999999997,45.85497137715823
5146,0,329408,141.37,44.98455401579525
5147,0,329472,141.35,44.61011656564013
5148,0,329536,137.44,46.46080498656906
5149,0,329600,143.54,47.353356797591445
5150,0,329664,142.19,46.56025021410431
5151,0,329728,141.18,45.629788515836886
5152,0,329792,142.79,47.22263122698691
5153,0,329856,140.20000000000002,44.73821632564266
5154,0,329920,138.87000000000003,45.81325244948234
5155,0,329984,140.63,46.75735343237468
5156,0,330048,142.63,43.23792432575829
5157,0,330112,142.72,44.352875893227036
5158,0,330176,139.69,45.52797930943125
5159,0,330240,141.27,44.506315282215844
5160,0,330304,144.71999999999997,46.09103600484588
5161,0,330368,144.38,49.004791602454546
5162,0,330432,141.56,45.20617656913709
5163,0,330496,142.67,46.61950342935883
5164,0,330560,147.15,43.216021334685585
5165,0,330624,146.18,46.166390372217755
5166,0,330688,144.07,46.02056170887096
5167,0,330752,146.03,45.216944832662016
5168,0,330816,145.68,46.03098521648217
5169,0,330880,148.51999999999998,45.073912632475114
5170,0,330944,146.37000000000003,45.58537155711249
5171,0,331008,145.76,46.926329496349915
5172,0,331072,146.73,44.48640354085729
5173,0,331136,146.77,45.021818044143885
5174,0,331200,148.78,47.00384665109868
5175,0,331264,146.68,44.96818430846413
5176,0,331328,146.05,46.23066622924658
5177,0,331392,147.10000000000002,46.04330570234939
5178,0,331456,146.86,48.28045567307749
5179,0,331520,146.32,48.60071604410783
5180,0,331584,149.42000000000002,47.953181333463164
5181,0,331648,148.76000000000002,49.29233611830545
5182,0,331712,147.42,46.42692753133681
5183,0,331776,147.27,48.98816285593899
5184,0,331840,149.95,47.902510372630786
5185,0,331904,150.16000000000003,48.69203630985256
5186,0,331968,146.55,45.86197226461156
5187,0,332032,149.01999999999998,46.859701236777006
5188,0,332096,149.55,49.190187029528566
5189,0,332160,150.46,47.558326295192515
5190,0,332224,148.64000000000001,47.18368785925916
5191,0,332288,145.54000000000002,46.89194387098919
5192,0,332352,148.12,48.19507858692628
5193,0,332416,147.03,47.573985538317054
5194,0,332480,147.85,43.9391226585147
5195,0,332544,145.78,43.78889813639982
5196,0,332608,145.57,45.875244958474056
5197,0,332672,142.54000000000002,44.983490304777376
5198,0,332736,145.2,47.13979210815423
5199,0,332800,146.3,46.17139807283292
5200,0,332864,147.32,46.93235131548387
5201,0,332928,146.45999999999998,48.89415506990585
5202,0,332992,146.14,45.18329779907616
5203,0,333056,148.01999999999998,47.554070277947815
5204,0,333120,144.91,46.67552784918452
5205,0,333184,145.57999999999998,47.2574819473065
5206,0,333248,144.95,45.11813936766453
5207,0,333312,145.39,46.008682876170234
5208,0,333376,146.08999999999997,45.4420389067216
5209,0,333440,146.14,47.77416037985388
5210,0,333504,146.60999999999999,46.502611754610086
5211,0,333568,149.26999999999998,46.28675944587177
5212,0,333632,147.57,46.28680265475247
5213,0,333696,145.35,43.92774180401265
5214,0,333760,143.66,44.455690299443106
5215,0,333824,146.13,44.27459881241162
5216,0,333888,146.72000000000003,45.952928089513506
5217,0,333952,145.81,45.98772553627761
5218,0,334016,144.0,46.902345357135395
5219,0,334080,143.48,45.82546890103799
5220,0,334144,144.50999999999996,43.87898016134833
5221,0,334208,147.68,48.26153333660256
5222,0,334272,143.51,43.61030726789253
5223,0,334336,142.22,45.47016164475337
5224,0,334400,146.99,46.440552322296945
5225,0,334464,145.49,44.801170743631246
5226,0,334528,145.62999999999997,45.220527418419174
5227,0,334592,141.53000000000003,47.07853120053768
5228,0,334656,145.87,44.65543751885094
5229,0,334720,146.47000000000003,45.945555824257916
5230,0,334784,146.28000000000003,43.84983010229344
5231,0,334848,146.2,44.587778594588
5232,0,334912,145.83999999999997,48.53345650167522
5233,0,334976,148.34,45.99669988162194
5234,0,335040,148.57999999999998,49.26994621470577
5235,0,335104,147.44,48.380372053137414
5236,0,335168,147.76,45.71181904059386
5237,0,335232,144.9,47.55199259757681
5238,0,335296,148.78,47.1798007626145
5239,0,335360,146.26,49.92745136695844
5240,0,335424,145.10999999999999,46.108230284841774
5241,0,335488,148.82,46.887925951144396
5242,0,335552,147.13,46.35513024466655
5243,0,335616,146.05,45.68742168255942
5244,0,335680,146.70999999999998,46.601661987530015
5245,0,335744,146.95999999999998,49.03303376296433
5246,0,335808,146.39999999999998,46.80826850034083
5247,0,335872,147.69,46.485577333190136
5248,0,335936,146.7,46.80948621807336
5249,0,336000,145.03000000000003,45.38834762359168
5250,0,336064,152.34,46.91539619357381
5251,0,336128,150.82,43.5768470635497
5252,0,336192,147.82999999999998,46.69462602912674
5253,0,336256,147.40000000000003,45.871123814443436
5254,0,336320,147.17,44.889688125448146
5255,0,336384,149.35000000000002,44.979801022236636
5256,0,336448,151.58,44.76719334512719
5257,0,336512,149.67000000000002,45.571220084610424
5258,0,336576,147.42000000000002,44.69813866370724
5259,0,336640,146.99,41.91382707412913
5260,0,336704,149.78,45.36213839756675
5261,0,336768,148.24,47.34266997117927
5262,0,336832,146.68,44.33422605617471
5263,0,336896,150.94,47.85528601941483
5264,0,336960,148.79000000000002,47.10141080689621
5265,0,337024,147.93,42.18552002761137
5266,0,337088,150.43,47.38812192944557
5267,0,337152,146.98000000000002,46.541160277758436
5268,0,337216,149.97,45.84563337985418
5269,0,337280,151.89000000000001,44.92441318481522
5270,0,337344,149.21,46.16393505757498
5271,0,337408,151.67000000000002,44.33247229740295
5272,0,337472,150.02,45.972922465294715
5273,0,337536,151.27,45.60166773266082
5274,0,337600,146.75999999999996,42.723581310559624
5275,0,337664,147.7,43.98692987695322
5276,0,337728,149.22,46.79788029387655
5277,0,337792,147.66,44.02531544463935
5278,0,337856,147.45000000000002,44.72720089609901
5279,0,337920,150.29,41.20367580689859
5280,0,337984,149.47,44.42515165984243
5281,0,338048,150.54000000000002,41.16812359095323
5282,0,338112,145.07999999999998,39.74490659191439
5283,0,338176,150.45999999999998,42.96000931098595
5284,0,338240,148.47000000000003,43.6114904583643
5285,0,338304,151.73,42.27427231780578
5286,0,338368,152.35000000000002,44.05937471185899
5287,0,338432,154.51,42.48760878185545
5288,0,338496,150.37,44.81995203031792
5289,0,338560,150.05999999999997,41.79699032227081
5290,0,338624,149.79000000000002,38.37656706898104
5291,0,338688,149.60999999999999,41.880984945437945
5292,0,338752,148.69,44.63282312379533
5293,0,338816,151.57999999999998,42.482226871951994
5294,0,338880,150.95,41.67330680423621
5295,0,338944,149.56,39.49894175797624
5296,0,339008,150.11999999999998,40.77888669397437
5297,0,339072,151.89000000000001,41.57129899341612
5298,0,339136,153.38,39.885706713057
5299,0,339200,149.45,39.9215543284577
5300,0,339264,150.27,39.4529859452995
5301,0,339328,152.78,39.66350463587402
5302,0,339392,149.95,42.77404002429511
5303,0,339456,151.48,39.83651089139208
5304,0,339520,151.04000000000002,41.17303000751827
5305,0,339584,150.4,37.854326040757876
5306,0,339648,150.76999999999998,38.47864472665325
5307,0,339712,150.45000000000002,38.38346649274919
5308,0,339776,150.24,41.001834105317776
5309,0,339840,150.51,42.64142234963557
5310,0,339904,150.91,41.05463311247586
5311,0,339968,150.76,39.763606476274255
5312,0,340032,150.02,39.29404026057896
5313,0,340096,152.67999999999998,45.230847880622356
5314,0,340160,152.6,39.55952476964302
5315,0,340224,151.32,44.19381857228451
5316,0,340288,151.76,42.57340014610061
5317,0,340352,152.57,40.25618089188293
5318,0,340416,155.05,42.43527424207366
5319,0,340480,153.44,42.89392031512158
5320,0,340544,150.40000000000003,39.870339853078754
5321,0,340608,150.89,41.97826699614933
5322,0,340672,149.24,39.51668508364536
5323,0,340736,154.78,39.43229133590895
5324,0,340800,150.6,38.35599040567197
5325,0,340864,154.91,41.48641825947379
5326,0,340928,152.70999999999998,42.57274832566016
5327,0,340992,151.78000000000003,37.34115156231794
5328,0,341056,153.84999999999997,39.64149971935976
5329,0,341120,156.39,38.875016398710365
5330,0,341184,156.51,39.40983252945894
5331,0,341248,154.75,38.28120295915477
5332,0,341312,156.43,37.46881503330469
5333,0,341376,155.07999999999998,36.113454556439216
5334,0,341440,155.65000000000003,37.481148594993726
5335,0,341504,157.26999999999998,37.96693429814949
5336,0,341568,158.11,37.29451568260405
5337,0,341632,155.4,40.20074626173002
5338,0,341696,158.44,36.59495047134235
5339,0,341760,158.83999999999997,34.33316763714062
5340,0,341824,157.66,36.61912615014182
5341,0,341888,156.56,35.51763505640543
5342,0,341952,158.9,36.904688049081244
5343,0,342016,158.37000000000003,36.854797516741286
5344,0,342080,157.65,36.745700428757644
5345,0,342144,159.95,31.808968860998938
5346,0,342208,161.44,34.46160762355697
5347,0,342272,158.23,34.19678493659894
5348,0,342336,159.89000000000001,31.434931207177787
5349,0,342400,159.14000000000001,34.801270091765325
5350,0,342464,160.8,33.74285109471338
5351,0,342528,161.44,36.20390034236643
5352,0,342592,161.65,34.82241375895703
5353,0,342656,159.58,33.08524746771588
5354,0,342720,162.89000000000001,29.614336055363456
5355,0,342784,161.51999999999998,35.275283131393856
5356,0,342848,163.2,32.07837277668554
5357,0,342912,163.47,35.01542660028577
5358,0,342976,161.39,33.722201885404814
5359,0,343040,165.41,31.4108086492532
5360,0,343104,163.3,31.020251449657852
5361,0,343168,161.24,29.347510967712406
5362,0,343232,164.3,34.474309275168956
5363,0,343296,160.57999999999998,35.389682112163705
5364,0,343360,165.33999999999997,32.21444396540161
5365,0,343424,161.43,34.13051567146327
5366,0,343488,161.11999999999998,34.69757340218477
5367,0,343552,164.86999999999998,32.57450076363412
5368,0,343616,161.97,33.03316666624622
5369,0,343680,163.32,33.022895088105166
5370,0,343744,161.28,34.31727844686988
5371,0,343808,164.85999999999999,32.49382095106699
5372,0,343872,162.48,35.39824289424547
5373,0,343936,163.10999999999999,34.33113601382861
5374,0,344000,163.55,36.25375153001411
5375,0,344064,165.25,33.882834887299495
5376,0,344128,162.26,35.29266779375003
5377,0,344192,163.73999999999998,33.49116898527133
5378,0,344256,165.29000000000002,32.54048094297317
5379,0,344320,162.84,36.4543879389025
5380,0,344384,161.96999999999997,33.518205500891604
5381,0,344448,164.43,35.096155060063204
5382,0,344512,162.62000000000003,36.23334927935865
5383,0,344576,165.59,35.43764805965543
5384,0,344640,161.08999999999997,34.36985452398657
5385,0,344704,163.63000000000002,35.65336029044107
5386,0,344768,165.67000000000002,38.24408581728683
5387,0,344832,160.93,36.76501189990287
5388,0,344896,163.54000000000002,36.99784318038012
5389,0,344960,163.57,34.735977026708206
5390,0,345024,164.57999999999998,36.48431991965864
5391,0,345088,165.20999999999998,37.934376230537914
5392,0,345152,162.92000000000002,34.01869486032643
5393,0,345216,164.57999999999998,34.100434014833304
5394,0,345280,164.97,36.00591756919965
5395,0,345344,164.58999999999997,38.954651840312984
5396,0,345408,164.95,37.58463116753974
5397,0,345472,161.91,37.10227621049684
5398,0,345536,161.55,35.65594620817123
5399,0,345600,165.18,35.30880343483761
5400,0,345664,164.92000000000002,35.63621191989968
5401,0,345728,166.0,38.790436965829606
5402,0,345792,163.72,37.94300462535881
5403,0,345856,162.73,36.01266582745576
5404,0,345920,163.3,36.59234892706398
5405,0,345984,166.75,37.98034360034148
5406,0,346048,164.26999999999998,36.76191099494149
5407,0,346112,162.4,38.312400081435776
5408,0,346176,163.63,36.441625924209255
5409,0,346240,164.81,37.22274707755998
5410,0,346304,165.85,34.65839725088279
5411,0,346368,162.85999999999999,37.55476534342879
5412,0,346432,163.73,37.08258486136046
5413,0,346496,162.71,36.169447051344314
5414,0,346560,164.59,37.61112734284895
5415,0,346624,158.98,37.116891033598165
5416,0,346688,158.87999999999997,37.60182974271332
5417,0,346752,160.74,37.560649621645254
5418,0,346816,161.91,37.64519756887988
5419,0,346880,159.77,41.73094894679487
5420,0,346944,158.20999999999998,45.11832111238183
5421,0,347008,155.44,47.019595914894886
5422,0,347072,160.42000000000002,43.04299710754352
5423,0,347136,159.57,50.607885749159685
5424,0,347200,156.72,47.61837460476786
5425,0,347264,156.63,48.401674557808434
5426,0,347328,159.94,50.75872732841122
5427,0,347392,159.10999999999999,51.06177533145513
5428,0,347456,154.2,50.167619038579055
5429,0,347520,157.59,50.16025219234848
5430,0,347584,153.64000000000001,51.01261020571287
5431,0,347648,154.63000000000002,53.077095813542776
5432,0,347712,156.69,52.718942515949614
5433,0,347776,152.23999999999998,50.82680788717702
5434,0,347840,155.38,52.24336895721792
5435,0,347904,152.79000000000002,52.16689467468809
5436,0,347968,153.95,52.54092214645647
5437,0,348032,151.02,54.5034641100912
5438,0,348096,150.49,53.48911010663759
5439,0,348160,152.73,52.189444335037706
5440,0,348224,149.84,52.72622118073701
5441,0,348288,155.38,53.68273092904272
5442,0,348352,154.26,51.64016266434489
5443,0,348416,152.26999999999998,53.725562816968235
5444,0,348480,153.34,50.467478637237264
5445,0,348544,151.41,54.33307372126116
5446,0,348608,148.58999999999997,51.91216524091438
5447,0,348672,152.85,54.43890612420496
5448,0,348736,152.84,53.53746725425102
5449,0,348800,150.57,52.843978843383844
5450,0,348864,147.70999999999998,54.15694692280945
5451,0,348928,150.71999999999997,52.553359550080145
5452,0,348992,143.35999999999999,52.44887415378904
5453,0,349056,148.13,52.25206311716314
5454,0,349120,150.39000000000001,53.55792098280141
5455,0,349184,148.36,55.240351193670016
5456,0,349248,147.46,51.62313822308752
5457,0,349312,144.74,53.48082273114355
5458,0,349376,148.53,51.253605726816915
5459,0,349440,149.67000000000002,50.68928979577442
5460,0,349504,155.25000000000003,49.943112638280766
5461,0,349568,151.45999999999998,53.04981055574091
5462,0,349632,150.53000000000003,50.14034403551695
5463,0,349696,149.91,49.41561392920258
5464,0,349760,156.76999999999998,49.43846781606404
5465,0,349824,153.32,50.27006664009906
5466,0,349888,151.56,47.07035585163979
5467,0,349952,156.83999999999997,47.77807446936304
5468,0,350016,157.34,44.69062989039201
5469,0,350080,156.31,47.614335026334246
5470,0,350144,159.33999999999997,43.669513393212895
5471,0,350208,154.34,49.809039340264334
5472,0,350272,160.19,41.659367493998275
5473,0,350336,157.35,46.847054336425465
5474,0,350400,155.73999999999998,46.61959244781104
5475,0,350464,159.1,45.140159503484256
5476,0,350528,162.09,44.1966616386351
5477,0,350592,158.6,41.96953657118458
5478,0,350656,158.55,49.04088600341556
5479,0,350720,155.89000000000001,46.92597255252149
5480,0,350784,158.54000000000002,45.33030333011241
5481,0,350848,158.32,48.41383686509467
5482,0,350912,159.57,48.15819867893732
5483,0,350976,158.52,43.22251265255179
5484,0,351040,157.72,48.447224894724364
5485,0,351104,159.11,49.83587964509105
5486,0,351168,155.98,44.36275014017954
5487,0,351232,160.86,46.44274324369739
5488,0,351296,161.06,43.36171583320937
5489,0,351360,164.98,37.02482410491642
5490,0,351424,159.97,46.728728850676006
5491,0,351488,159.38000000000002,46.9102291616658
5492,0,351552,162.25,47.106926242326615
5493,0,351616,161.51,45.56220912115654
5494,0,351680,160.16,46.74627685709312
5495,0,351744,161.14000000000001,42.418231929207046
5496,0,351808,163.03,44.747805532785634
5497,0,351872,160.59,44.072813615651995
5498,0,351936,163.85,44.30661914432199
5499,0,352000,163.02000000000004,46.41727695589219
5500,0,352064,163.48000000000002,47.72675978945145
5501,0,352128,162.56,44.56198379785173
5502,0,352192,162.84999999999997,46.79596670654427
5503,0,352256,162.16000000000003,44.11270111883878
5504,0,352320,162.05,46.91548251910024
5505,0,352384,165.39999999999998,43.08043639518988
5506,0,352448,163.07999999999998,45.83792752732173
5507,0,352512,164.32999999999998,44.13191702158428
5508,0,352576,165.06,47.53849387601589
5509,0,352640,159.5,49.813331548893615
5510,0,352704,165.35000000000002,44.76065794869418
5511,0,352768,161.09,46.694356190015085
5512,0,352832,165.62,40.021139414064656
5513,0,352896,163.57,41.07028244363557
5514,0,352960,162.03,46.828453956969376
5515,0,353024,164.15,39.15355028602132
5516,0,353088,160.22,47.73865938628775
5517,0,353152,162.09,44.63974574300351
5518,0,353216,165.72,39.50396942080631
5519,0,353280,162.70999999999998,43.47094316897208
5520,0,353344,162.14000000000001,41.61771738094246
5521,0,353408,163.82,41.88218714441737
5522,0,353472,162.03000000000003,43.84176205400508
5523,0,353536,160.16,44.152694142033965
5524,0,353600,160.76000000000002,41.60735992585927
5525,0,353664,161.64000000000001,43.95113650407689
5526,0,353728,157.44,48.46628106219828
5527,0,353792,160.98000000000002,41.57267852809102
5528,0,353856,159.78,41.073611966809054
5529,0,353920,165.55,39.641726753510625
5530,0,353984,164.44000000000003,38.807762110175844
5531,0,354048,160.14000000000001,42.63215218587962
5532,0,354112,154.83,46.59324092612575
5533,0,354176,156.01,45.7795030554068
5534,0,354240,157.07,46.580876977575244
5535,0,354304,158.18,42.72446137752939
5536,0,354368,156.8,48.93505900681024
5537,0,354432,152.99,46.06125161130557
5538,0,354496,157.69,49.20582181002569
5539,0,354560,152.45000000000002,51.887537039254426
5540,0,354624,153.12,48.72298841409464
5541,0,354688,155.32,48.837993406772966
5542,0,354752,152.69,51.767913807685936
5543,0,354816,152.85,51.042379450805385
5544,0,354880,153.61,53.58677915307095
5545,0,354944,153.96,49.82186668522166
5546,0,355008,154.06,51.729260578515905
5547,0,355072,158.94,44.8492853900706
5548,0,355136,153.53,48.566862159295404
5549,0,355200,157.53,44.612846804479986
5550,0,355264,154.82000000000002,46.2130457771396
5551,0,355328,151.59,52.10732098275635
5552,0,355392,154.68,44.035481148728245
5553,0,355456,154.52,47.17895293454487
5554,0,355520,154.1,46.50169889369635
5555,0,355584,158.47,40.17760694715403
5556,0,355648,156.82999999999998,46.65657617099651
5557,0,355712,156.28,39.5287945680108
5558,0,355776,158.53,37.296328237508845
5559,0,355840,158.8,42.67720703138855
5560,0,355904,158.68,40.35640717407832
5561,0,355968,159.50000000000003,36.11553682281353
5562,0,356032,160.1,36.415875658838694
5563,0,356096,160.31,38.999114092502154
5564,0,356160,159.11,38.14581104131881
5565,0,356224,158.7,40.856211278090875
5566,0,356288,161.48000000000002,33.61466346700499
5567,0,356352,157.82999999999998,37.51013329755041
5568,0,356416,159.39999999999998,35.083158352691115
5569,0,356480,158.26000000000002,38.06568533469482
5570,0,356544,156.45,39.22321378979545
5571,0,356608,161.15,36.40096839371173
5572,0,356672,160.60999999999999,32.595228178369915
5573,0,356736,158.45999999999998,36.1449913542665
5574,0,356800,157.42000000000002,40.00601954706316
5575,0,356864,157.55,36.13530821786359
5576,0,356928,155.23,37.46027362420088
5577,0,356992,156.43,36.094266857771196
5578,0,357056,155.19,39.30176713584263
5579,0,357120,157.0,38.16388345019411
5580,0,357184,158.94,36.32809381181457
5581,0,357248,156.57999999999998,38.39645296117859
5582,0,357312,157.44,32.90307584406054
5583,0,357376,156.0,37.95049406793012
5584,0,357440,156.1,34.2412908635174
5585,0,357504,158.82999999999998,34.06687687475915
5586,0,357568,157.05,34.97639918573666
5587,0,357632,158.82,34.97478520305736
5588,0,357696,157.11,37.1096874144744
5589,0,357760,160.32,35.61490699131475
5590,0,357824,159.81,30.81144105685419
5591,0,357888,159.04,34.844201813214205
5592,0,357952,159.06,36.43704708123313
5593,0,358016,160.39000000000001,34.78659080737864
5594,0,358080,157.36999999999998,34.68077421281134
5595,0,358144,158.35,35.66517208706556
5596,0,358208,158.17000000000002,35.096041087279346
5597,0,358272,159.41,34.87478888824992
5598,0,358336,157.42,36.98731674506817
5599,0,358400,156.53000000000003,36.672825088885645
5600,0,358464,158.10999999999999,36.14906499482387
5601,0,358528,158.57,36.67647883862354
5602,0,358592,155.92000000000002,38.201251288406766
5603,0,358656,158.86,37.913538479018285
5604,0,358720,163.2,33.758050891602146
5605,0,358784,158.51000000000002,38.85960499027235
5606,0,358848,161.57,33.34879458091402
5607,0,358912,160.42000000000002,35.47835396407223
5608,0,358976,157.6,38.70002583978466
5609,0,359040,160.64000000000001,35.40201124230091
5610,0,359104,159.54,38.45410771296091
5611,0,359168,165.34999999999997,30.650946151791132
5612,0,359232,161.54,34.726652588465825
5613,0,359296,161.55,36.009200213278824
5614,0,359360,163.48,33.83030594008869
5615,0,359424,163.16,37.63862909299434
5616,0,359488,164.13000000000002,37.60369795645104
5617,0,359552,164.68,37.355502941333825
5618,0,359616,166.19,37.59666075597672
5619,0,359680,167.58,32.92396695418096
5620,0,359744,169.7,31.154165050599573
5621,0,359808,162.95,41.00895633882921
5622,0,359872,165.14,37.87728078941254
5623,0,359936,163.58999999999997,38.33007826759554
5624,0,360000,163.17999999999998,37.97243210541037
5625,0,360064,161.84,40.79953921308426
5626,0,360128,162.27,38.78744771185647
5627,0,360192,163.92,39.39732985876073
5628,0,360256,165.14,40.494202054121274
5629,0,360320,162.75,39.92991985967414
5630,0,360384,159.72,43.70043020383209
5631,0,360448,159.13,44.28259364581076
5632,0,360512,162.42000000000002,40.519866732258635
5633,0,360576,158.96999999999997,42.92062557792
5634,0,360640,159.91,41.70454291800834
5635,0,360704,163.67,41.43894424330813
5636,0,360768,159.3,42.044833214082324
5637,0,360832,157.98999999999998,45.43757145799058
5638,0,360896,160.21999999999997,43.644330674212426
5639,0,360960,161.55,41.417490266794296
5640,0,361024,160.79,41.75498652855728
5641,0,361088,160.43,41.8822408665057
5642,0,361152,159.16000000000003,45.01113639978444
5643,0,361216,157.88,44.13027985408659
5644,0,361280,155.53,46.33519288834352
5645,0,361344,158.68,45.79370699124499
5646,0,361408,162.05,44.92790335637754
5647,0,361472,156.97,48.90603337012725
5648,0,361536,155.35,48.47909343211772
5649,0,361600,160.67000000000002,43.1615349588033
5650,0,361664,157.97,47.173637765175584
5651,0,361728,155.53,49.24591455136152
5652,0,361792,153.57,51.04466769408926
5653,0,361856,155.51999999999998,50.19433832614989
5654,0,361920,153.87,51.01058811658615
5655,0,361984,153.68,51.455821828049736
5656,0,362048,155.58999999999997,51.545425597234136
5657,0,362112,158.58999999999997,47.92165376946
5658,0,362176,155.01,50.446495418413356
5659,0,362240,154.95999999999998,52.63265526267889
5660,0,362304,155.07999999999998,51.64127806319282
5661,0,362368,157.77,48.87934226235046
5662,0,362432,151.96999999999997,51.62743553576916
5663,0,362496,154.13,50.48114598540726
5664,0,362560,156.61999999999998,49.192840942559926
5665,0,362624,155.38000000000002,47.98411820592309
5666,0,362688,157.84,49.27809249555019
5667,0,362752,154.07999999999998,50.86218241483549
5668,0,362816,161.41000000000003,46.17047649743286
5669,0,362880,158.13,46.18549664126175
5670,0,362944,157.10999999999999,46.459346745299804
5671,0,363008,159.82999999999998,47.88175122110719
5672,0,363072,155.94,48.45614924857319
5673,0,363136,157.85,47.08225249496885
5674,0,363200,155.29000000000002,47.262849046582026
5675,0,363264,156.76,47.083738169351
5676,0,363328,160.04000000000002,43.774654767342255
5677,0,363392,154.75,49.120448898600266
5678,0,363456,157.48999999999998,45.99163945762317
5679,0,363520,155.87,45.35180371275216
5680,0,363584,152.99,47.91336869809928
5681,0,363648,155.24,47.819958176476895
5682,0,363712,157.26,45.50897054427841
5683,0,363776,154.95,48.99645395332197
5684,0,363840,153.4,48.07725033734771
5685,0,363904,154.62,46.609072078298226
5686,0,363968,157.12,46.33613708543258
5687,0,364032,155.23,44.635502685642514
5688,0,364096,154.73,45.929555843704826
5689,0,364160,156.35999999999999,44.94294605385811
5690,0,364224,156.4,44.26840860026482
5691,0,364288,152.03000000000003,45.817028493781656
5692,0,364352,155.31,44.32695455363475
5693,0,364416,156.33999999999997,42.557565719857614
5694,0,364480,156.16,43.48257582066637
5695,0,364544,154.82,43.68021977966686
5696,0,364608,157.41,40.55772306232193
5697,0,364672,156.16,42.938658572433305
5698,0,364736,153.19,44.98947543592834
5699,0,364800,157.48999999999998,39.501580981018975
5700,0,364864,155.05,43.878018414691425
5701,0,364928,157.5,39.594368286411644
5702,0,364992,154.31,40.750029447842124
5703,0,365056,154.92000000000002,41.77288115512264
5704,0,365120,153.42000000000002,41.84389561214395
5705,0,365184,154.86999999999998,40.88611133380136
5706,0,365248,155.35999999999999,40.96664985082378
5707,0,365312,152.09,41.37662262679254
5708,0,365376,154.31,42.62336096555503
5709,0,365440,155.48000000000002,39.070418477410755
5710,0,365504,154.12999999999997,40.75161469193583
5711,0,365568,151.26999999999998,42.891072497665526
5712,0,365632,151.67000000000002,41.3826304142209
5713,0,365696,154.26,39.7604627739668
5714,0,365760,156.78,37.047369677211904
5715,0,365824,151.17000000000002,41.000806089636825
5716,0,365888,154.18,39.257096173812954
5717,0,365952,153.14,39.650377047387586
5718,0,366016,151.14,40.80782277946227
5719,0,366080,152.01,39.24692217231818
5720,0,366144,149.49,41.15525361360321
5721,0,366208,152.26,39.03255564269396
5722,0,366272,153.39000000000001,41.123216070730656
5723,0,366336,152.46999999999997,38.386300941872484
5724,0,366400,149.82,40.1817570546635
5725,0,366464,147.84,40.667977574499574
5726,0,366528,152.1,40.08588280180442
5727,0,366592,151.09,39.91825271727208
5728,0,366656,148.86999999999998,39.53563076517182
5729,0,366720,147.24,42.679437672021876
5730,0,366784,146.29,42.19797270011914
5731,0,366848,154.69,37.3054272191058
5732,0,366912,146.01000000000002,44.0663919557751
5733,0,366976,153.51000000000002,36.82598131754264
5734,0,367040,153.4,37.71501027442522
5735,0,367104,146.95,43.00663320930854
5736,0,367168,149.98999999999998,41.878453887410885
5737,0,367232,146.92,43.28809998140366
5738,0,367296,152.57,38.646734661546766
5739,0,367360,147.88,43.18543272910438
5740,0,367424,148.79,42.530352690754874
5741,0,367488,152.19,40.17191680764063
5742,0,367552,150.75,40.78012383502532
5743,0,367616,152.99,39.92639352608748
5744,0,367680,150.9,44.667907942951615
5745,0,367744,148.76,44.94434780926296
5746,0,367808,152.95999999999998,41.04047270682929
5747,0,367872,153.42000000000002,41.0176986190108
5748,0,367936,154.49999999999997,36.39510956158808
5749,0,368000,149.41000000000003,41.409623277687515
5750,0,368064,149.76,40.77686108566965
5751,0,368128,149.88,39.385398309525826
5752,0,368192,149.06,41.217962103917756
5753,0,368256,149.82999999999998,39.76644439725533
5754,0,368320,152.34,40.43884765915072
5755,0,368384,150.72999999999996,39.996726116021044
5756,0,368448,148.57,42.93054972860236
5757,0,368512,147.88000000000002,43.820949327918484
5758,0,368576,151.20999999999998,42.00446285812973
5759,0,368640,150.54,41.55673711926864
5760,0,368704,149.74999999999997,43.421290860590496
5761,0,368768,151.17000000000002,43.8137661015348
5762,0,368832,149.70999999999998,42.22474274640403
5763,0,368896,150.3,43.102227320638555
5764,0,368960,150.01999999999998,42.14835228096111
5765,0,369024,150.74999999999997,42.66570636940165
5766,0,369088,150.06,42.54278317176722
5767,0,369152,149.18,44.19642066955196
5768,0,369216,150.33999999999997,41.964799534848254
5769,0,369280,151.94,43.285290804151934
5770,0,369344,152.23999999999998,41.65948151381628
5771,0,369408,149.88,43.0196187802728
5772,0,369472,150.41,43.65960260927715
5773,0,369536,151.8,43.693203132752814
5774,0,369600,152.65000000000003,42.475975562663656
5775,0,369664,149.36,45.129905827510875
5776,0,369728,149.44,44.909468934735806
5777,0,369792,148.65000000000003,45.745147283619055
5778,0,369856,150.89,46.000531518668346
5779,0,369920,151.42999999999998,43.722512507860294
5780,0,369984,149.33999999999997,44.9911813581284
5781,0,370048,152.28,44.89418225115588
5782,0,370112,151.36,44.61988794248592
5783,0,370176,149.21000000000004,43.9151784694085
5784,0,370240,153.67000000000002,43.06427870056574
5785,0,370304,150.59,45.22586538696634
5786,0,370368,152.13,42.98490549018341
5787,0,370432,152.59,42.887654400771325
5788,0,370496,154.39000000000001,41.79199564509931
5789,0,370560,154.71999999999997,40.81219915662473
5790,0,370624,151.35,43.22858429326595
5791,0,370688,158.11999999999998,37.61331679073251
5792,0,370752,156.62,37.6109505330562
5793,0,370816,153.04000000000002,41.056332032952
5794,0,370880,154.96999999999997,40.855355830049994
5795,0,370944,153.48999999999998,42.600550465927085
5796,0,371008,153.2,41.7914584574408
5797,0,371072,152.82,42.82926102561192
5798,0,371136,156.64000000000001,38.941551073371485
5799,0,371200,154.04000000000002,41.539817043410295
5800,0,371264,155.92,40.77878860388082
5801,0,371328,153.54000000000002,41.78399693662635
5802,0,371392,154.40000000000003,41.827957157862734
5803,0,371456,156.70999999999998,40.0420891063391
5804,0,371520,157.05,38.046005046522296
5805,0,371584,154.27,40.62499353846103
5806,0,371648,156.98,43.125973612198024
5807,0,371712,156.96,40.87640395142411
5808,0,371776,158.29000000000002,36.283314346955684
5809,0,371840,154.75,43.54508583066521
5810,0,371904,154.10999999999999,42.40024646154784
5811,0,371968,154.57,43.069712095624695
5812,0,372032,157.69,42.17455275400084
5813,0,372096,156.03,41.99650104472991
5814,0,372160,157.14000000000001,41.447562051343866
5815,0,372224,156.21999999999997,40.63005783899403
5816,0,372288,159.85000000000002,40.880955223673524
5817,0,372352,157.66,40.99154059071213
5818,0,372416,157.66000000000003,42.58244239120156
5819,0,372480,157.99,41.941565302215416
5820,0,372544,157.92000000000002,40.61420441175722
5821,0,372608,154.6,43.7629295180293
5822,0,372672,156.46,42.86367226451788
5823,0,372736,155.09,43.54058910947347
5824,0,372800,156.57999999999998,39.916708281119575
5825,0,372864,154.40000000000003,43.24345037112557
5826,0,372928,154.51,43.628945666839115
5827,0,372992,155.68,44.80428104545368
5828,0,373056,153.66000000000003,42.608008636874835
5829,0,373120,156.07999999999998,39.27838591388399
5830,0,373184,154.82,44.11949229082312
5831,0,373248,152.26,41.4968962694802
5832,0,373312,157.13,40.25953427450447
5833,0,373376,152.06,44.65461230376992
5834,0,373440,154.35999999999999,42.09943467553929
5835,0,373504,152.35999999999999,44.12342235139972
5836,0,373568,150.04000000000002,42.97941833017287
5837,0,373632,153.05,43.04217118129613
5838,0,373696,153.29000000000002,42.29088436058059
5839,0,373760,150.99,41.82882857551715
5840,0,373824,155.59999999999997,42.70498799906166
5841,0,373888,155.16000000000003,41.946089209841716
5842,0,373952,151.05,44.577084920393794
5843,0,374016,153.41,42.9681614686968
5844,0,374080,156.06,41.996742730835685
5845,0,374144,155.35,42.16098314792956
5846,0,374208,155.89000000000001,40.68632325487276
5847,0,374272,156.76000000000002,43.90840921736974
5848,0,374336,156.13,43.267980077650954
5849,0,374400,155.87,45.58677549465415
5850,0,374464,154.84999999999997,43.77911031530906
5851,0,374528,154.78,45.99323428505544
5852,0,374592,154.84,44.96301146498085
5853,0,374656,151.93,46.10019631194643
5854,0,374720,153.48999999999998,45.41597626386556
5855,0,374784,154.39,47.16758314775095
5856,0,374848,153.92000000000002,46.539333901550414
5857,0,374912,153.41,45.10721560903532
5858,0,374976,154.01,45.809965073114824
5859,0,375040,156.14999999999998,42.15842146001199
5860,0,375104,157.89,44.38043375182356
5861,0,375168,153.45,46.77844054690152
5862,0,375232,153.32,47.663273072670954
5863,0,375296,152.49,45.618273750767905
5864,0,375360,156.26,44.255377074430186
5865,0,375424,153.51999999999998,45.043818665828056
5866,0,375488,156.71,45.866511748769376
5867,0,375552,156.60999999999999,43.98052864620888
5868,0,375616,157.76,44.65441075638553
5869,0,375680,156.51,44.80009933024702
5870,0,375744,159.73,42.332045780944725
5871,0,375808,157.95000000000002,42.09539761066523
5872,0,375872,157.94,42.75332033889298
5873,0,375936,157.3,43.24712707221139
5874,0,376000,155.79999999999998,44.07872502693334
5875,0,376064,155.07999999999998,44.10747782406063
5876,0,376128,156.79,43.86167917442286
5877,0,376192,155.79,43.441833524841
5878,0,376256,159.70999999999998,42.500975282927335
5879,0,376320,156.73000000000002,43.96182548530031
5880,0,376384,157.9,43.14600792657416
5881,0,376448,158.69,43.672610409729344
5882,0,376512,156.88,45.10079378458875
5883,0,376576,157.80999999999997,44.0031919296771
5884,0,376640,157.13,42.3724214554703
5885,0,376704,157.64000000000001,43.19667116804257
5886,0,376768,157.17000000000002,43.02069385772386
5887,0,376832,159.68,44.64040322398533
5888,0,376896,158.64,42.868547911026795
5889,0,376960,157.73,42.67385733678174
5890,0,377024,156.91,46.058494330579244
5891,0,377088,156.0,44.19119821864984
5892,0,377152,155.42000000000002,47.04688725091172
5893,0,377216,154.47,46.7741178430978
5894,0,377280,157.5,44.33919259526497
5895,0,377344,155.1,43.77343943534709
5896,0,377408,155.51000000000002,42.87214596914878
5897,0,377472,155.35999999999999,46.380517461537664
5898,0,377536,156.87,43.6125910718453
5899,0,377600,152.24,45.725030344440455
5900,0,377664,155.33,41.61759363538455
5901,0,377728,154.09,45.46467749803137
5902,0,377792,157.48999999999998,43.30966289409327
5903,0,377856,152.19,47.64030751370104
5904,0,377920,153.07999999999998,44.45194708896338
5905,0,377984,154.97,44.875027576593205
5906,0,378048,156.88,42.33048074378555
5907,0,378112,155.03,44.227639548137766
5908,0,378176,151.04,44.94441455842984
5909,0,378240,151.44,44.0064813408207
5910,0,378304,152.45000000000002,43.89007290948604
5911,0,378368,152.15,41.5088002717496
5912,0,378432,154.48000000000002,41.47316722894455
5913,0,378496,151.89,43.69662343934598
5914,0,378560,153.68,42.399783018312725
5915,0,378624,154.53000000000003,41.28801399922259
5916,0,378688,153.91000000000003,39.8941211207867
5917,0,378752,151.65000000000003,41.419783920247575
5918,0,378816,154.54000000000002,42.10874493498946
5919,0,378880,152.38000000000002,39.827899768880606
5920,0,378944,149.42,43.0656196983162
5921,0,379008,150.56,41.572904637516004
5922,0,379072,151.61000000000004,45.119340642345385
5923,0,379136,151.43,42.62149809661786
5924,0,379200,148.89,44.58855122113747
5925,0,379264,151.23999999999998,43.39334511189475
5926,0,379328,151.95,42.159346531937615
5927,0,379392,150.57999999999998,43.18001389531967
5928,0,379456,148.92000000000002,45.112920543897395
5929,0,379520,152.15,42.859707185187354
5930,0,379584,150.09,43.76691558700475
5931,0,379648,149.82,43.3256459847975
5932,0,379712,148.26,44.280067750625676
5933,0,379776,148.47,43.611971980179945
5934,0,379840,151.79000000000002,44.93240367485363
5935,0,379904,151.53,42.57323220052713
5936,0,379968,149.06,43.510922766588166
5937,0,380032,147.95,44.342152631553645
5938,0,380096,149.75,44.353134049354395
5939,0,380160,149.54000000000002,43.441436440338855
5940,0,380224,152.59999999999997,38.87158345115362
5941,0,380288,148.39,42.84692404362301
5942,0,380352,149.89,43.29322002346326
5943,0,380416,150.02,42.984667033722616
5944,0,380480,149.54,41.4771310483259
5945,0,380544,148.51,41.06381497133456
5946,0,380608,148.78000000000003,43.44566261435081
5947,0,380672,151.68,41.2011844489937
5948,0,380736,150.21999999999997,41.38948658777976
5949,0,380800,151.26,40.834769498553555
5950,0,380864,148.35999999999999,42.72957289746763
5951,0,380928,148.12,41.994232937392724
5952,0,380992,150.7,41.745155407544
5953,0,381056,150.37,39.636751885087655
5954,0,381120,149.32,38.90498168615428
5955,0,381184,151.49,40.99208338203854
5956,0,381248,150.5,38.93931175560246
5957,0,381312,150.82999999999998,40.37172401570188
5958,0,381376,148.67000000000002,39.46591060649684
5959,0,381440,149.64000000000001,41.53538732213773
5960,0,381504,150.49999999999997,40.823718595933904
5961,0,381568,151.73,38.269284027794406
5962,0,381632,153.32,38.73837373974287
5963,0,381696,149.86,40.42531879899032
5964,0,381760,153.38,36.238537498083446
5965,0,381824,152.29,37.380835999212216
5966,0,381888,152.60999999999999,37.244635855381915
5967,0,381952,154.49,35.89081916033681
5968,0,382016,150.1,37.751635726150994
5969,0,382080,155.10999999999996,38.33221751999224
5970,0,382144,150.82,39.35641751989121
5971,0,382208,152.0,38.060583285073285
5972,0,382272,149.85,39.910556247689655
5973,0,382336,149.7,39.73348713616765
5974,0,382400,151.94,36.26960711118884
5975,0,382464,149.16,38.55541985246692
5976,0,382528,151.09,40.454158006316234
5977,0,382592,149.61999999999998,41.14221189970223
5978,0,382656,150.93,38.26889206653362
5979,0,382720,153.35999999999999,38.816187344972455
5980,0,382784,149.89,36.82147335455223
5981,0,382848,153.19,38.520058411170666
5982,0,382912,150.76000000000002,40.705950424968584
5983,0,382976,147.67000000000002,41.97127708326255
5984,0,383040,148.44,42.41436549095129
5985,0,383104,150.03000000000003,40.29394619542742
5986,0,383168,147.15,42.139892026439746
5987,0,383232,148.0,43.699931350060496
5988,0,383296,145.92,41.25743084584885
5989,0,383360,150.06,40.392504255121395
5990,0,383424,147.17000000000002,41.64118274016722
5991,0,383488,149.09,40.45247705641769
5992,0,383552,149.18,44.526055293502026
5993,0,383616,148.39000000000001,38.62834322100807
5994,0,383680,145.94,41.96577653278919
5995,0,383744,148.66000000000003,43.942853798996715
5996,0,383808,147.89,43.85009578096722
5997,0,383872,146.88,43.24390824150842
5998,0,383936,146.32999999999998,44.23783561613295
5999,0,384000,147.54000000000002,42.34598446133942
6000,0,384064,145.35,45.247016476227465
6001,0,384128,147.28,44.73114798437438
6002,0,384192,143.30999999999997,45.385007436377045
6003,0,384256,147.04,42.51856535679443
6004,0,384320,148.83999999999997,40.93680984151061
6005,0,384384,144.53000000000003,44.86254674001466
6006,0,384448,146.59999999999997,40.60421160421663
6007,0,384512,145.51000000000002,42.995591634492015
6008,0,384576,143.72,43.904596570290906
6009,0,384640,144.5,44.823119034712434
6010,0,384704,145.78,42.07264669592347
6011,0,384768,145.65,41.47951904253471
6012,0,384832,145.83,44.79513478046472
6013,0,384896,144.60000000000002,41.05956648577771
6014,0,384960,145.95,44.214301984765065
6015,0,385024,148.66,39.90860057681803
6016,0,385088,145.26999999999998,42.515527751634465
6017,0,385152,145.36999999999998,43.569738351291484
6018,0,385216,145.28,42.482815349267995
6019,0,385280,142.58999999999997,44.40800490902513
6020,0,385344,145.62,42.74980233872433
6021,0,385408,144.92000000000002,45.06292933221275
6022,0,385472,142.51000000000002,40.854043863490425
6023,0,385536,147.01000000000002,40.04818223090781
6024,0,385600,143.26999999999998,42.57231612209982
6025,0,385664,144.18,41.38040115803616
6026,0,385728,144.16,40.10005486280536
6027,0,385792,143.34,41.34920071778897
6028,0,385856,143.35,42.114374030727326
6029,0,385920,143.31,40.63374090580388
6030,0,385984,144.28,41.21513799564427
6031,0,386048,145.51000000000002,40.233653823633766
6032,0,386112,146.51000000000002,40.77208481301882
6033,0,386176,147.07,39.430928216312644
6034,0,386240,143.78,38.107421849293345
6035,0,386304,143.45999999999998,41.56628922576564
6036,0,386368,146.29,40.38490931028569
6037,0,386432,147.01999999999998,41.82137730874008
6038,0,386496,142.29999999999998,42.2927889834662
6039,0,386560,144.21999999999997,39.56288159373632
6040,0,386624,148.57999999999998,39.249504455470515
6041,0,386688,145.97999999999996,41.00677504998412
6042,0,386752,146.88,38.531514374599915
6043,0,386816,148.6,37.65756232153112
6044,0,386880,148.4,38.068044341678494
6045,0,386944,147.07,39.109923293200154
6046,0,387008,149.54,38.50151165863491
6047,0,387072,146.67000000000002,38.66360174634536
6048,0,387136,147.72,41.751522127941634
6049,0,387200,149.8,41.4563143561991
6050,0,387264,151.37,37.467774153264024
6051,0,387328,149.58,38.0643875558244
6052,0,387392,150.70999999999998,38.12404621757769
6053,0,387456,147.7,40.28128597748587
6054,0,387520,147.79000000000002,40.44787880717603
6055,0,387584,150.70999999999998,38.84753402727128
6056,0,387648,151.97,36.16291055764179
6057,0,387712,149.21,38.30987992672386
6058,0,387776,150.77,38.66192054205275
6059,0,387840,152.49999999999997,37.74816551834009
6060,0,387904,149.08999999999997,41.15211902198962
6061,0,387968,150.35,36.63277903735942
6062,0,388032,152.76000000000002,37.349034793418696
6063,0,388096,151.01,39.096302894263545
6064,0,388160,151.25,35.24214096788105
6065,0,388224,152.57999999999998,37.83159526110418
6066,0,388288,152.39000000000001,35.93879380279756
6067,0,388352,155.12,36.03486644903794
6068,0,388416,152.20000000000002,37.3863878972013
6069,0,388480,154.03,36.16526095578463
6070,0,388544,153.52,33.59975595149464
6071,0,388608,153.88,32.76256400222668
6072,0,388672,152.62,37.61488535141374
6073,0,388736,154.7,33.30189183815238
6074,0,388800,155.22,34.13349674440051
6075,0,388864,156.43,33.919818690553164
6076,0,388928,156.93,35.51777160802744
6077,0,388992,155.98,34.506863085479104
6078,0,389056,156.98999999999998,33.50052089147272
6079,0,389120,156.34,31.806012010310255
6080,0,389184,156.22999999999996,32.92121048807288
6081,0,389248,155.92,33.707352313701534
6082,0,389312,156.32,32.78251973232076
6083,0,389376,158.82,33.67012919488133
6084,0,389440,157.59,32.68322046555388
6085,0,389504,157.05,35.54670870840224
6086,0,389568,159.12,35.72429985318117
6087,0,389632,156.67000000000002,34.796811635550746
6088,0,389696,156.32999999999998,34.74495790758711
6089,0,389760,158.51000000000002,33.472180986604386
6090,0,389824,159.19,32.91584572815956
6091,0,389888,160.71,34.15246550397204
6092,0,389952,161.37,33.69854744644048
6093,0,390016,160.98000000000002,36.01290879670788
6094,0,390080,160.32,34.08333317033415
6095,0,390144,162.6,35.661463794970615
6096,0,390208,161.95999999999998,33.991975523643816
6097,0,390272,162.73000000000002,34.789281395280355
6098,0,390336,160.86999999999998,33.63869943978215
6099,0,390400,158.97999999999996,34.60308656753036
6100,0,390464,162.06,32.026183038257926
6101,0,390528,161.83,31.006001032058293
6102,0,390592,164.89000000000001,31.874988627448953
6103,0,390656,160.46,32.10206223905249
6104,0,390720,161.98000000000002,33.692307727432386
6105,0,390784,160.32000000000002,34.25970811317574
6106,0,390848,161.5,33.1218960809915
6107,0,390912,164.32,35.1541121349978
6108,0,390976,165.43,31.898622227300034
6109,0,391040,162.12,34.97041034932247
6110,0,391104,165.3,34.50431857028914
6111,0,391168,162.91,35.74827128687483
6112,0,391232,164.30999999999997,34.875649097902105
6113,0,391296,165.46999999999997,36.14089235201588
6114,0,391360,165.55,36.1677826248721
6115,0,391424,165.42000000000002,36.01118715066195
6116,0,391488,165.20999999999998,35.266966129793474
6117,0,391552,165.2,35.23001561169112
6118,0,391616,165.63,36.21027616575162
6119,0,391680,167.54000000000002,35.39718067869248
6120,0,391744,165.98,38.17668922261332
6121,0,391808,167.65000000000003,34.54374762529393
6122,0,391872,167.52,35.48607614262247
6123,0,391936,168.81,33.851748846994596
6124,0,392000,170.19,35.77729587322104
6125,0,392064,172.82,29.88002008031454
6126,0,392128,169.69,37.2113813234607
6127,0,392192,169.01,36.1426188868488
6128,0,392256,169.82,36.43146442294078
6129,0,392320,170.6,35.471876183816384
6130,0,392384,167.20999999999998,37.527308723115226
6131,0,392448,168.95,36.83835636941475
6132,0,392512,171.03000000000003,33.76249546464241
6133,0,392576,173.20000000000002,34.92197016206274
6134,0,392640,170.29000000000002,34.867992485946196
6135,0,392704,171.15,35.72229695862236
6136,0,392768,173.10999999999999,31.75051023212068
6137,0,392832,170.57999999999998,35.775013626831786
6138,0,392896,169.73999999999998,38.27963427202512
6139,0,392960,171.03,37.45749724687969
6140,0,393024,170.8,34.631546312574606
6141,0,393088,171.75,35.17880754090451
6142,0,393152,168.66,37.64370332472617
6143,0,393216,171.36,35.443904976737535
6144,0,393280,173.03,34.697378863539534
6145,0,393344,173.72999999999996,36.6397338964136
6146,0,393408,171.3,38.43412546162589
6147,0,393472,171.4,38.027726726692464
6148,0,393536,170.9,35.94648800647985
6149,0,393600,168.13,38.56524471593562
6150,0,393664,174.19,35.47859777386925
6151,0,393728,172.42000000000002,35.32197049995937
6152,0,393792,172.9,36.16619968976558
6153,0,393856,172.01000000000002,37.40581371926027
6154,0,393920,172.79000000000002,34.71430396824917
6155,0,393984,172.76999999999998,37.43997996794336
6156,0,394048,173.91,36.79672403896847
6157,0,394112,174.0,34.20347935517672
6158,0,394176,172.89000000000001,36.893453348798886
6159,0,394240,173.6,36.27478463064943
6160,0,394304,175.44,34.63562328008549
6161,0,394368,172.84,33.30556109721017
6162,0,394432,171.51999999999998,36.29666100345871
6163,0,394496,171.89000000000001,34.727379688078976
6164,0,394560,171.89999999999998,35.016281927126414
6165,0,394624,170.49,38.075331909255894
6166,0,394688,172.11,35.0664925534334
6167,0,394752,170.35,38.70204774944085
6168,0,394816,169.76,39.45661414769392
6169,0,394880,172.53000000000003,35.79022352542661
6170,0,394944,171.07,35.426121718302724
6171,0,395008,169.45999999999998,35.63658793992489
6172,0,395072,169.88,39.04445671282929
6173,0,395136,170.52,34.86880554306385
6174,0,395200,168.93,38.425643781204236
6175,0,395264,168.02000000000004,40.093785054544306
6176,0,395328,168.32999999999998,38.01452485563906
6177,0,395392,169.81,37.234351075317534
6178,0,395456,168.66,38.80691175551077
6179,0,395520,165.62000000000003,39.4771782172941
6180,0,395584,170.91,34.91026926278284
6181,0,395648,164.84,37.78034409583905
6182,0,395712,167.07999999999998,36.924295524762556
6183,0,395776,170.42000000000002,35.67239268678231
6184,0,395840,167.07,37.291340817943244
6185,0,395904,168.6,34.825019741559366
6186,0,395968,170.5,33.39712562481987
6187,0,396032,169.08999999999997,32.34793501910129
6188,0,396096,171.48,31.292324937594522
6189,0,396160,171.83999999999997,31.961264055102703
6190,0,396224,168.76,32.46712799124678
6191,0,396288,170.48999999999998,30.96344457582199
6192,0,396352,170.85999999999999,33.45762095547141
6193,0,396416,171.45999999999998,31.339087414920048
6194,0,396480,169.48999999999998,31.793850034244045
6195,0,396544,170.76999999999998,33.2372095699985
6196,0,396608,171.23,32.2096895359145
6197,0,396672,170.86,30.840207521999588
6198,0,396736,172.56,27.724617220080784
6199,0,396800,170.46,32.949725340281674
6200,0,396864,172.4,30.888509190312178
6201,0,396928,174.35999999999999,27.650576847508987
6202,0,396992,173.76,28.080213674400703
6203,0,397056,172.69,30.204848948471835
6204,0,397120,172.12,31.371668747454283
6205,0,397184,169.66000000000003,30.69140596323342
6206,0,397248,175.22,27.445976025639897
6207,0,397312,171.22,31.307628463363365
6208,0,397376,172.79000000000002,27.60617503385791
6209,0,397440,172.93,29.524906435076133
6210,0,397504,172.16,30.55543159570815
6211,0,397568,171.12,29.554958974764283
6212,0,397632,170.92000000000002,31.615053376516702
6213,0,397696,173.16,28.90658056567743
6214,0,397760,170.48999999999998,30.988141280173615
6215,0,397824,171.01,30.260451087186393
6216,0,397888,171.34,30.133609143280534
6217,0,397952,170.81,30.615402986078756
6218,0,398016,170.76000000000002,30.22919780609469
6219,0,398080,170.61,29.213368515116496
6220,0,398144,173.35,29.63201815604195
6221,0,398208,170.04999999999998,29.106880629844213
6222,0,398272,170.35,30.294991335202585
6223,0,398336,170.79000000000002,28.07441718005914
6224,0,398400,170.76000000000002,29.246647671143442
6225,0,398464,167.81,31.733907732896686
6226,0,398528,172.97,27.724142908302866
6227,0,398592,169.83,27.599494560589328
6228,0,398656,170.82999999999998,28.17804287029176
6229,0,398720,171.01999999999998,28.661709648937556
6230,0,398784,171.87,27.50865500165357
6231,0,398848,169.7,30.255809359526314
6232,0,398912,174.14,25.145544336919816
6233,0,398976,171.01,28.5374648488614
6234,0,399040,171.85999999999999,27.07253959273123
6235,0,399104,171.72,27.423887397668473
6236,0,399168,172.35,27.67913474081153
6237,0,399232,171.07999999999998,27.052275320201808
6238,0,399296,169.29000000000002,28.246608645995003
6239,0,399360,172.85999999999999,25.51870686378916
6240,0,399424,170.7,27.866897925675186
6241,0,399488,173.41,26.028194328458518
6242,0,399552,170.92,26.561656574844875
6243,0,399616,170.07999999999998,28.476088214500248
6244,0,399680,167.35,28.835299547603107
6245,0,399744,168.32,29.42205975114591
6246,0,399808,167.59,33.3270295706053
6247,0,399872,173.25,27.501136340158748
6248,0,399936,170.64000000000001,28.163707142349
6249,0,400000,168.42,29.14538728512627
6250,0,400064,168.34,28.850136914753108
6251,0,400128,171.63,29.67642330200862
6252,0,400192,164.21999999999997,31.30558416640711
6253,0,400256,170.14000000000001,28.561694627595195
6254,0,400320,171.07999999999998,28.95022625127479
6255,0,400384,169.63000000000002,29.440891630519616
6256,0,400448,170.16000000000003,29.69929965504237
6257,0,400512,170.01999999999998,28.697519056531696
6258,0,400576,165.60999999999999,29.71835964517557
6259,0,400640,169.62,30.884326121837272
6260,0,400704,168.64000000000001,31.24564609669642
6261,0,400768,170.51000000000002,27.352639726359136
6262,0,400832,167.62,29.789051680105565
6263,0,400896,170.31,28.718441810098263
6264,0,400960,170.89000000000001,27.990335832211805
6265,0,401024,168.71999999999997,29.668596191933318
6266,0,401088,165.69,31.596659633575193
6267,0,401152,166.82999999999998,30.639714424256635
6268,0,401216,169.89000000000001,29.40732731820422
6269,0,401280,166.46999999999997,32.14324345799596
6270,0,401344,166.01,31.599602845605517
6271,0,401408,169.4,30.436721242604307
6272,0,401472,167.67999999999998,30.247637924307416
6273,0,401536,170.99,28.929032130370352
6274,0,401600,171.32999999999998,28.292332883663022
6275,0,401664,167.66,33.974260845528335
6276,0,401728,165.78000000000003,32.9287048029527
6277,0,401792,167.43,31.440898524056212
6278,0,401856,169.54000000000002,29.743611078683774
6279,0,401920,168.8,31.46703036512979
6280,0,401984,167.26,31.3918524461364
6281,0,402048,168.45,32.24063429897123
6282,0,402112,168.48999999999998,31.499030143799672
6283,0,402176,170.24,31.64933490612401
6284,0,402240,167.69,31.055126790918116
6285,0,402304,170.14,30.863091225604734
6286,0,402368,169.78,29.981854512354637
6287,0,402432,165.98,32.585420052532704
6288,0,402496,169.45,29.292635593268148
6289,0,402560,168.17,32.00028281125028
6290,0,402624,167.79000000000002,32.72865563997397
6291,0,402688,166.57999999999998,34.26180964280784
6292,0,402752,168.79000000000002,30.463895023453585
6293,0,402816,167.47,33.30882915984889
6294,0,402880,167.28000000000003,35.05261188556425
6295,0,402944,169.57,33.08879115350091
6296,0,403008,168.27,35.07124320579469
6297,0,403072,168.69,34.80038649210666
6298,0,403136,168.02,35.94250408638775
6299,0,403200,168.20999999999998,35.9593506615456
6300,0,403264,167.94,36.429059828658765
6301,0,403328,168.54000000000002,36.18906464665811
6302,0,403392,172.57999999999998,31.283152015102313
6303,0,403456,170.27,33.71266972519382
6304,0,403520,170.41,36.847508735327004
6305,0,403584,168.82999999999998,35.713528249110304
6306,0,403648,169.29000000000002,36.41929296403213
6307,0,403712,167.85,37.666490412566986
6308,0,403776,171.11999999999998,33.82211702421952
6309,0,403840,172.07999999999998,37.84391100296057
6310,0,403904,168.84,39.09100152208945
6311,0,403968,169.94,40.29429736327462
6312,0,404032,169.78000000000003,35.994577369376074
6313,0,404096,168.1,38.98553577931179
6314,0,404160,170.46999999999997,38.58608687078803
6315,0,404224,170.82,36.3134355301175
6316,0,404288,174.52,32.84520665180842
6317,0,404352,171.57,35.877375879514936
6318,0,404416,173.07,34.63862150836838
6319,0,404480,173.06,35.451324375825514
6320,0,404544,173.0,34.8801662840073
6321,0,404608,173.2,34.82700101932407
6322,0,404672,172.52,33.28867074546534
6323,0,404736,172.15,34.94911300734255
6324,0,404800,175.73,31.247273481057512
6325,0,404864,173.13,32.623919139183755
6326,0,404928,172.48000000000002,34.64808219800917
6327,0,404992,176.76000000000002,27.63632392341644
6328,0,405056,176.04000000000002,31.530340943288262
6329,0,405120,176.69,31.104258550880132
6330,0,405184,176.46,30.188713122622502
6331,0,405248,174.26,30.66855718810391
6332,0,405312,176.77,28.005858315716736
6333,0,405376,176.45,28.011863558142647
6334,0,405440,176.47,29.486167943630793
6335,0,405504,178.77,25.499374502132405
6336,0,405568,176.29,28.033389020951425
6337,0,405632,173.76,31.997099868581838
6338,0,405696,173.53000000000003,29.75221168249514
6339,0,405760,172.52,32.395579945418476
6340,0,405824,174.73000000000002,28.829153646959526
6341,0,405888,172.75,32.822499904790924
6342,0,405952,174.0,31.475736687169054
6343,0,406016,172.27,32.85967285290589
6344,0,406080,173.45999999999998,31.333183687585908
6345,0,406144,172.35,33.53410950062638
6346,0,406208,173.17000000000002,34.57681448601071
6347,0,406272,174.39000000000001,31.461069594023655
6348,0,406336,173.44,31.509623926667228
6349,0,406400,172.54000000000002,35.41531307217261
6350,0,406464,176.29000000000002,30.820884153443743
6351,0,406528,172.41,36.14571758867155
6352,0,406592,171.68,35.73577479221627
6353,0,406656,171.69,35.246657997603116
6354,0,406720,170.51999999999998,37.95923603024698
6355,0,406784,172.06,35.68672582347672
6356,0,406848,170.04000000000002,36.59164385484751
6357,0,406912,168.79000000000002,37.348372119812666
6358,0,406976,168.28,38.97067615528373
6359,0,407040,169.33,38.92551990661139
6360,0,407104,168.8,38.768543949960254
6361,0,407168,169.65,37.948656102686954
6362,0,407232,172.7,35.94662710185756
6363,0,407296,167.86999999999998,38.45308960278745
6364,0,407360,169.88000000000002,35.0491597616833
6365,0,407424,168.53000000000003,39.01361429039868
6366,0,407488,168.12,38.09755372724081
6367,0,407552,168.51000000000002,36.84384480479745
6368,0,407616,172.31,34.954840866466554
6369,0,407680,169.23,33.44589810425189
6370,0,407744,169.51,35.10568187630031
6371,0,407808,170.07,34.13291812898511
6372,0,407872,167.91,34.1834887043438
6373,0,407936,168.68,34.17559948267185
6374,0,408000,171.32,34.870210782270874
6375,0,408064,169.54000000000002,32.471778516120736
6376,0,408128,168.93,36.06863041480782
6377,0,408192,170.04000000000002,32.20286322673808
6378,0,408256,169.18,36.92992824255146
6379,0,408320,169.8,35.155170316754266
6380,0,408384,168.22,33.933782577248884
6381,0,408448,167.3,36.023186977278954
6382,0,408512,168.68,37.08395340305561
6383,0,408576,170.15,36.68534448523007
6384,0,408640,169.85,35.779107031897816
6385,0,408704,168.89000000000001,36.407181983778976
6386,0,408768,169.85999999999999,36.30317341500602
6387,0,408832,167.79000000000002,39.70132113670778
6388,0,408896,170.60999999999999,34.2522831355809
6389,0,408960,167.23000000000002,36.42905571106668
6390,0,409024,169.26999999999998,36.659052088126884
6391,0,409088,167.32,40.402197960012025
6392,0,409152,166.81,38.12735107504847
6393,0,409216,168.44,35.36778760397659
6394,0,409280,167.3,38.88176950705819
6395,0,409344,169.18,36.510239659580435
6396,0,409408,165.84,39.73016989644017
6397,0,409472,170.48000000000002,37.743259000780526
6398,0,409536,170.45999999999998,35.42522265279359
6399,0,409600,169.29000000000002,36.61276963028064
6400,0,409664,168.68,39.79692952980167
6401,0,409728,167.54000000000002,38.304286966343604
6402,0,409792,170.85,38.03359699002975
6403,0,409856,172.45999999999998,34.526835939599216
6404,0,409920,169.86999999999998,36.76454950084388
6405,0,409984,171.24,36.499950684898195
6406,0,410048,172.09,37.21517029384657
6407,0,410112,168.98,38.501994753518936
6408,0,410176,175.23999999999998,30.82317958939343
6409,0,410240,168.43,40.45555709664619
6410,0,410304,172.59,36.54009989039439
6411,0,410368,170.26000000000002,36.690031343676985
6412,0,410432,171.41,37.31695191196623
6413,0,410496,174.32,37.39651855453927
6414,0,410560,172.66,38.146355002804654
6415,0,410624,174.17000000000002,37.14129911567446
6416,0,410688,172.75,33.65537847061002
6417,0,410752,173.16,38.05935364663987
6418,0,410816,176.19,35.466475720037366
6419,0,410880,174.85,36.27807188922807
6420,0,410944,174.34,37.93281429053216
6421,0,411008,171.29,39.23570950040282
6422,0,411072,172.28,38.006546804465145
6423,0,411136,174.1,37.59840422145599
6424,0,411200,171.38000000000002,38.720764455263534
6425,0,411264,176.17000000000002,31.212242790289842
6426,0,411328,175.73000000000002,32.73191256251305
6427,0,411392,174.27,37.66377702780219
6428,0,411456,171.60999999999999,37.555730588020786
6429,0,411520,171.33,37.77711079476566
6430,0,411584,174.88000000000002,35.90447882924914
6431,0,411648,174.64000000000001,35.453383477462346
6432,0,411712,174.85,36.80006114125356
6433,0,411776,176.26,36.16313592596749
6434,0,411840,173.16,38.22512786113344
6435,0,411904,175.10999999999999,32.989860563512536
6436,0,411968,174.03000000000003,35.43362950644486
6437,0,412032,173.10999999999999,36.8534245355842
6438,0,412096,176.19,32.070405360706
6439,0,412160,171.67000000000002,38.12246188272736
6440,0,412224,177.17000000000002,32.990727485158615
6441,0,412288,177.51999999999998,32.377516890583195
6442,0,412352,177.97,30.848599644068123
6443,0,412416,177.22,31.02304949549609
6444,0,412480,175.93,31.365173361548635
6445,0,412544,175.76,35.09436421991429
6446,0,412608,176.1,34.012174290979985
6447,0,412672,176.04000000000002,33.54233742600536
6448,0,412736,176.18,35.74380505765999
6449,0,412800,177.49,31.159732027089067
6450,0,412864,175.44,33.80932415769354
6451,0,412928,177.24,30.082759181963347
6452,0,412992,176.0,32.73918141921083
6453,0,413056,178.9,31.08871177774981
6454,0,413120,177.59,29.898443103278805
6455,0,413184,178.76,27.927985963903662
6456,0,413248,176.77,31.424418849041583
6457,0,413312,178.45,27.90198021646492
6458,0,413376,177.05,30.00770734328099
6459,0,413440,182.06,24.68372743327069
6460,0,413504,177.8,31.38818248959312
6461,0,413568,174.85,31.984973034223433
6462,0,413632,178.93,28.886365295758484
6463,0,413696,175.98,30.80554495541346
6464,0,413760,175.6,30.944434071412584
6465,0,413824,180.03,25.589179353781553
6466,0,413888,175.0,32.71669298691419
6467,0,413952,177.85,28.685196530614878
6468,0,414016,175.38,33.20538510543132
6469,0,414080,173.16,33.882980978656526
6470,0,414144,174.73,33.19744116645137
6471,0,414208,175.71999999999997,32.2014223288351
6472,0,414272,178.82,29.03021873841119
6473,0,414336,175.25,31.727409285978585
6474,0,414400,175.88000000000002,30.356277769186395
6475,0,414464,177.46999999999997,28.994311511053336
6476,0,414528,174.47,32.544586339359114
6477,0,414592,179.31,26.437149997683186
6478,0,414656,178.10999999999999,27.87853834045107
6479,0,414720,180.26,25.697206073812776
6480,0,414784,178.95,28.39134551232118
6481,0,414848,173.74,33.8163037601687
6482,0,414912,179.45999999999998,26.635735394390746
6483,0,414976,181.42,27.17155865974567
6484,0,415040,178.53,28.237884127533352
6485,0,415104,177.04000000000002,30.609743546785886
6486,0,415168,179.63,27.217643174970167
6487,0,415232,180.19,24.257264891161988
6488,0,415296,179.99,25.071356165951613
6489,0,415360,179.85999999999999,27.44540763042152
6490,0,415424,182.23999999999998,26.36289817148334
6491,0,415488,179.49,25.81361849876921
6492,0,415552,183.89,23.372995101184614
6493,0,415616,184.59,21.451454496140812
6494,0,415680,178.57,26.347411637578364
6495,0,415744,182.43,23.123366969366728
6496,0,415808,181.64,22.67916224202296
6497,0,415872,181.44,23.2292143646745
6498,0,415936,178.73999999999998,26.526484878324904
6499,0,416000,183.9,20.563170961697523
6500,0,416064,181.93,23.81260380554802
6501,0,416128,184.69,20.724403489606164
6502,0,416192,184.4,21.63418591026711
6503,0,416256,182.78,21.900264838581297
6504,0,416320,183.85999999999999,22.333078605512494
6505,0,416384,182.99,21.77151579472591
6506,0,416448,183.14000000000001,21.220329874910046
6507,0,416512,180.88,25.05353468075912
6508,0,416576,182.51000000000002,23.192431955273687
6509,0,416640,180.94,25.34155480628606
6510,0,416704,184.24,21.056409950416526
6511,0,416768,182.28,23.744885765149515
6512,0,416832,184.95999999999998,20.28803588324902
6513,0,416896,184.29000000000002,24.489322162934606
6514,0,416960,186.38000000000002,20.793498984057493
6515,0,417024,184.88000000000002,19.418949508147968
6516,0,417088,182.69,21.85943503387038
6517,0,417152,183.94,20.599378631405365
6518,0,417216,183.18,22.30541638257399
6519,0,417280,182.51999999999998,21.592072619366583
6520,0,417344,186.36999999999998,17.134996352494504
6521,0,417408,183.3,20.057517294022205
6522,0,417472,184.5,20.635358005132847
6523,0,417536,185.66,17.98022246803415
6524,0,417600,183.73000000000002,20.86600345058919
6525,0,417664,184.64000000000001,19.406761708229425
6526,0,417728,185.5,19.72703728389035
6527,0,417792,185.86999999999998,19.488152811387746
6528,0,417856,182.54000000000002,22.36583108225581
6529,0,417920,182.91,22.88490550559473
6530,0,417984,183.79000000000002,21.021581767317134
6531,0,418048,184.07,21.27769019419166
6532,0,418112,184.99,21.53905522533428
6533,0,418176,182.83999999999997,21.81330786469581
6534,0,418240,185.63,19.09167619670939
6535,0,418304,184.17000000000002,19.79096005756163
6536,0,418368,182.28,23.5990593032858
6537,0,418432,183.29000000000002,23.839691692637302
6538,0,418496,181.9,23.61143790623519
6539,0,418560,181.28000000000003,25.00403167491195
6540,0,418624,184.25,23.242342825111244
6541,0,418688,179.89,26.02400622502231
6542,0,418752,182.27,23.297341049999677
6543,0,418816,182.03,26.882821652497718
6544,0,418880,183.23,23.97724129252571
6545,0,418944,183.19,25.533642513358725
6546,0,419008,184.65,25.057703406337936
6547,0,419072,183.14000000000001,26.308903435909297
6548,0,419136,182.01,26.03099882832005
6549,0,419200,179.95,27.1561871403185
6550,0,419264,183.01,22.70226640668283
6551,0,419328,184.55,21.83970008951588
6552,0,419392,181.26,27.980857742392388
6553,0,419456,183.13000000000002,23.31866419844842
6554,0,419520,183.13,23.384655225168494
6555,0,419584,187.72,20.77998075071293
6556,0,419648,183.87,25.646951085850343
6557,0,419712,183.73,24.40258387958128
6558,0,419776,184.04,25.932651233531825
6559,0,419840,184.17000000000002,26.43289806283072
6560,0,419904,182.70999999999998,25.61247547583013
6561,0,419968,179.09,29.458087174831977
6562,0,420032,180.94,26.242949529349783
6563,0,420096,179.75,28.17915009364193
6564,0,420160,183.13,29.560617381915417
6565,0,420224,183.21,28.918245105815117
6566,0,420288,182.35999999999999,28.61741427872197
6567,0,420352,182.92,30.653998107914077
6568,0,420416,184.44,28.16938763977662
6569,0,420480,183.32,25.659064675081204
6570,0,420544,181.0,27.13274774142862
6571,0,420608,183.47,25.141362333811585
6572,0,420672,183.76,26.148812592544235
6573,0,420736,185.73000000000002,23.07687370507539
6574,0,420800,184.51,23.271976710198043
6575,0,420864,181.61999999999998,24.421826303534306
6576,0,420928,185.64000000000001,20.03003744379925
6577,0,420992,183.68,24.480759792130637
6578,0,421056,183.74,22.05480446524068
6579,0,421120,186.7,18.80313803597687
6580,0,421184,185.29000000000002,22.571550677789062
6581,0,421248,186.0,22.742515252275858
6582,0,421312,185.62,23.723229122528828
6583,0,421376,183.95,22.05213141625997
6584,0,421440,183.34,24.91333779323838
6585,0,421504,185.08,23.348910038800526
6586,0,421568,183.96,24.530030574787304
6587,0,421632,184.29000000000002,24.520744279079295
6588,0,421696,185.41,23.039333757728325
6589,0,421760,181.73000000000002,25.74047590857636
6590,0,421824,183.3,25.826769058478842
6591,0,421888,184.99,23.59141581168879
6592,0,421952,186.01,19.120797577507066
6593,0,422016,184.44,23.097108044082052
6594,0,422080,186.5,22.57742235065819
6595,0,422144,184.88,23.118122761158613
6596,0,422208,183.91000000000003,21.84437913972379
6597,0,422272,182.59,23.842376139973968
6598,0,422336,186.07,20.609951479807027
6599,0,422400,182.94,20.044560359359348
6600,0,422464,184.45999999999998,22.471768955736437
6601,0,422528,184.67000000000002,22.30704148918005
6602,0,422592,181.22,24.29497067296028
6603,0,422656,183.66,20.61340340652169
6604,0,422720,184.37,23.58711724649708
6605,0,422784,183.52,22.821165614402783
6606,0,422848,183.95999999999998,20.378527915430983
6607,0,422912,179.41,23.483928546987197
6608,0,422976,182.07999999999998,24.504848499837745
6609,0,423040,181.01,23.200795244991063
6610,0,423104,181.99,22.177125602746628
6611,0,423168,181.66,26.152904236432324
6612,0,423232,182.9,21.81242765030981
6613,0,423296,185.53000000000003,20.50146580125431
6614,0,423360,182.87,23.124188634414832
6615,0,423424,184.2,24.087091978900233
6616,0,423488,179.93,24.39856758090524
6617,0,423552,182.56,26.117587943759276
6618,0,423616,182.8,24.727070186336267
6619,0,423680,179.95,26.29974334475529
6620,0,423744,180.39,29.22774195862554
6621,0,423808,183.95,26.821567813981343
6622,0,423872,182.74,23.46146627983852
6623,0,423936,185.51,22.381128211062105
6624,0,424000,184.39000000000001,19.546327020696243
6625,0,424064,181.10999999999999,23.91641486510886
6626,0,424128,181.63,23.542261998372208
6627,0,424192,185.85999999999999,22.105302531293255
6628,0,424256,184.91,21.97978389338712
6629,0,424320,185.84,20.378184413730285
6630,0,424384,185.07,20.359029937597715
6631,0,424448,185.26,19.49175210185067
6632,0,424512,183.43,23.304894335739863
6633,0,424576,180.70999999999998,24.03520126814003
6634,0,424640,184.10999999999999,23.06839612977027
6635,0,424704,188.07999999999998,21.174409082663907
6636,0,424768,183.12,24.70432350824446
6637,0,424832,182.87,22.91994982542501
6638,0,424896,184.09,22.9083150842658
6639,0,424960,184.45,21.35416821138206
6640,0,425024,181.9,22.181163179599032
6641,0,425088,186.8,18.750679987669784
6642,0,425152,184.43,21.5120919484833
6643,0,425216,186.05,22.00278391476861
6644,0,425280,186.88,19.85859008086928
6645,0,425344,185.87,20.76314282568995
6646,0,425408,187.92000000000002,21.040950548870168
6647,0,425472,185.26000000000002,22.593060881606988
6648,0,425536,186.35,23.41099100849855
6649,0,425600,185.32,22.877141429820288
6650,0,425664,185.89,23.177508494227762
6651,0,425728,183.9,23.824609125859755
6652,0,425792,185.7,21.819165886898613
6653,0,425856,183.42,23.596686208025062
6654,0,425920,185.54,21.688900387064354
6655,0,425984,187.0,19.71785992444413
6656,0,426048,186.94,20.396283975273533
6657,0,426112,183.2,22.619328018312128
6658,0,426176,183.91,21.559983766227653
6659,0,426240,185.10999999999999,21.77307741225388
6660,0,426304,182.15,25.858663925268836
6661,0,426368,184.84,21.519442371957503
6662,0,426432,181.95,25.407882635119357
6663,0,426496,184.67000000000002,22.03492908996986
6664,0,426560,185.03,19.331169131741614
6665,0,426624,182.02,24.570950327571783
6666,0,426688,186.21,20.21199891153767
6667,0,426752,185.15,21.977545358842967
6668,0,426816,182.85,24.148053751803687
6669,0,426880,187.3,20.805768430894354
6670,0,426944,183.13,24.050823270732334
6671,0,427008,186.65,19.642975843797192
6672,0,427072,183.97,21.63557487103127
6673,0,427136,186.27,22.711805300327843
6674,0,427200,184.33,20.623338720973383
6675,0,427264,187.38,20.033661672295455
6676,0,427328,183.6,23.232434224592133
6677,0,427392,188.11,19.18121216190468
6678,0,427456,187.16,18.137375774901944
6679,0,427520,185.66,19.586127743890568
6680,0,427584,186.38000000000002,19.384416421445348
6681,0,427648,188.95,15.711858578793283
6682,0,427712,187.44,20.81894329691111
6683,0,427776,186.13000000000002,19.562364376526677
6684,0,427840,187.16,18.778562245283847
6685,0,427904,184.70999999999998,21.168393892782703
6686,0,427968,187.21999999999997,18.924365246950824
6687,0,428032,184.29,21.709327488432248
6688,0,428096,186.64000000000001,19.69396861985923
6689,0,428160,187.02,16.229651875502448
6690,0,428224,185.94,18.68272999323172
6691,0,428288,189.51,16.953846171296938
6692,0,428352,188.35,15.492078621024362
6693,0,428416,188.71999999999997,15.31768912075186
6694,0,428480,184.35999999999999,22.150358913570678
6695,0,428544,190.03,13.432576074603112
6696,0,428608,187.29000000000002,17.86255580817034
6697,0,428672,186.34,18.084534829516635
6698,0,428736,186.89000000000001,17.64411800005883
6699,0,428800,190.75,12.944438960418484
6700,0,428864,187.53000000000003,17.991056111301525
6701,0,428928,183.4,20.88109192547172
6702,0,428992,185.18,20.14203564687542
6703,0,429056,186.09,16.71008378195633
6704,0,429120,189.74,12.930676703096402
6705,0,429184,189.32999999999998,13.846736077502163
6706,0,429248,190.36,11.273437807519048
6707,0,429312,187.08999999999997,15.420210763799567
6708,0,429376,189.14000000000001,14.639822403294376
6709,0,429440,191.06,10.312148175816718
6710,0,429504,187.01999999999998,15.00391948792048
6711,0,429568,187.94,14.249645609628335
6712,0,429632,185.75,15.256490422112163
6713,0,429696,190.1,10.879154378902806
6714,0,429760,189.64000000000001,11.988260924754684
6715,0,429824,189.15,12.472790385475097
6716,0,429888,187.42000000000002,14.201183049309657
6717,0,429952,187.42000000000002,13.862092194181942
6718,0,430016,187.2,14.616223862543977
6719,0,430080,189.86,14.210292044852563
6720,0,430144,188.19,12.221411538770798
6721,0,430208,187.57999999999998,13.522484978730795
6722,0,430272,189.91,11.617697706516555
6723,0,430336,188.89000000000001,11.486553007756504
6724,0,430400,187.01,14.667409450888048
6725,0,430464,189.68,13.425110800287644
6726,0,430528,191.08,12.083277701021359
6727,0,430592,190.05,12.668405582392761
6728,0,430656,187.09,16.598882492505332
6729,0,430720,188.3,14.127703281142336
6730,0,430784,189.23,15.469909501997744
6731,0,430848,188.7,13.857921922135366
6732,0,430912,189.61999999999998,13.055022022195136
6733,0,430976,190.35,14.87731494591682
6734,0,431040,189.82,13.523076573028785
6735,0,431104,190.08,12.399741932798444
6736,0,431168,190.0,15.323902897108166
6737,0,431232,190.8,11.555345083553325
6738,0,431296,192.12,9.771059307976797
6739,0,431360,190.57,9.597296494325889
6740,0,431424,192.48,10.134278464695946
6741,0,431488,195.07,7.113515305388752
6742,0,431552,194.05,6.283510165504629
6743,0,431616,196.44,3.9105498334633175
6744,0,431680,195.92000000000002,5.887919836410818
6745,0,431744,195.28,5.697332709259656
6746,0,431808,197.98000000000002,2.8992412800593166
6747,0,431872,197.55,3.1490474750311432
6748,0,431936,196.34,5.136964083970222
6749,0,432000,196.5,4.63508360226652
6750,0,432064,195.05,6.404100249059192
6751,0,432128,195.58,6.166490087561971
6752,0,432192,196.32,4.7239390343229415
6753,0,432256,195.93,5.912368391769916
6754,0,432320,197.14000000000001,3.9636346955793003
6755,0,432384,195.0,6.052602745926747
6756,0,432448,196.42000000000002,4.706973549957555
6757,0,432512,194.71999999999997,7.805485250770766
6758,0,432576,196.69,4.724076629353087
6759,0,432640,194.58,7.363124336855927
6760,0,432704,196.4,4.242404978311239
6761,0,432768,195.3,5.204613338183733
6762,0,432832,195.07,5.590536646870315
6763,0,432896,195.42,4.6432316332485515
6764,0,432960,195.74,4.55438250479689
6765,0,433024,195.15,5.524355165989962
6766,0,433088,195.65,5.456601506432373
6767,0,433152,194.41,6.937355403898521
6768,0,433216,194.88000000000002,8.43632621465055
6769,0,433280,195.45,5.581621628165062
6770,0,433344,194.83999999999997,8.606880968155657
6771,0,433408,196.24,6.683442226876806
6772,0,433472,195.94,8.702666258107339
6773,0,433536,196.16,5.757117334222049
6774,0,433600,195.09,9.152535167919325
6775,0,433664,193.65,10.6652941825343
6776,0,433728,196.09,8.831245665250178
6777,0,433792,196.65,7.8101536476563655
6778,0,433856,196.1,7.415119688851958
6779,0,433920,194.26999999999998,9.229523281296817
6780,0,433984,195.2,8.686080819333885
6781,0,434048,196.32999999999998,6.744190092220121
6782,0,434112,196.60999999999999,6.0027410405580515
6783,0,434176,196.14000000000001,8.979220456142059
6784,0,434240,196.09,6.604157781276879
6785,0,434304,195.53,8.823157031357882
6786,0,434368,195.35,9.452962498603283
6787,0,434432,194.94,12.828031805386198
6788,0,434496,195.59,12.050016597498944
6789,0,434560,193.76999999999998,15.185193446248883
6790,0,434624,194.62,12.011810854321675
6791,0,434688,193.59,13.901255338997265
6792,0,434752,192.37,15.600644217467428
6793,0,434816,192.43,15.156586027202833
6794,0,434880,191.24,15.296287131196248
6795,0,434944,192.0,15.018655066283403
6796,0,435008,192.65,15.53320636571857
6797,0,435072,194.28,11.377416226894399
6798,0,435136,193.22,14.113171153217124
6799,0,435200,191.22,18.80030850810699
6800,0,435264,193.14000000000001,14.965907924345922
6801,0,435328,192.88000000000002,19.084957427251446
6802,0,435392,193.2,18.617787193971253
6803,0,435456,192.75,19.6871658701805
6804,0,435520,192.87,16.86493699958586
6805,0,435584,191.89000000000001,19.572299302841248
6806,0,435648,192.65000000000003,15.80115502107362
6807,0,435712,191.56,18.051548410039516
6808,0,435776,192.16,17.184074022186937
6809,0,435840,190.85000000000002,18.966720855224292
6810,0,435904,191.09,18.601368229245935
6811,0,435968,191.26,20.30454136394122
6812,0,436032,190.46999999999997,19.89653487419354
6813,0,436096,189.56,20.17152448378655
6814,0,436160,189.74,20.496985144162057
6815,0,436224,190.18,21.66350848777732
6816,0,436288,188.71999999999997,20.645619390078856
6817,0,436352,189.75,19.595114186959975
6818,0,436416,188.56,23.36091607792811
6819,0,436480,190.07999999999998,21.80622846803179
6820,0,436544,190.58,18.92299130687324
6821,0,436608,190.4,17.981323644270464
6822,0,436672,190.32999999999998,19.80591073391981
6823,0,436736,190.02,19.680538610515722
6824,0,436800,191.72,15.68093109480429
6825,0,436864,191.78000000000003,21.17360621150776
6826,0,436928,190.58999999999997,20.046418632763313
6827,0,436992,191.33999999999997,16.694442188944198
6828,0,437056,192.12,17.086415656889535
6829,0,437120,191.94,16.510796467766177
6830,0,437184,191.70999999999998,18.725301065670482
6831,0,437248,191.12,15.920791437613897
6832,0,437312,192.26999999999998,14.309161401004605
6833,0,437376,191.39000000000001,18.256092133860413
6834,0,437440,192.13,16.282816095503872
6835,0,437504,191.41000000000003,16.23634503205694
6836,0,437568,191.51000000000002,17.000732337167126
6837,0,437632,191.24,16.5731228197947
6838,0,437696,191.79000000000002,19.87815132249476
6839,0,437760,188.77,19.717101713994374
6840,0,437824,191.35,17.78742533364511
6841,0,437888,189.3,19.39948452923428
6842,0,437952,190.91,18.282037632605398
6843,0,438016,189.8,21.83506354467511
6844,0,438080,192.56,17.220406499267078
6845,0,438144,192.13000000000002,14.89557316789119
6846,0,438208,192.3,16.72112436410901
6847,0,438272,191.65,18.841510024411523
6848,0,438336,191.69,15.862310676569159
6849,0,438400,190.04000000000002,14.326911739799337
6850,0,438464,190.6,19.171541409078195
6851,0,438528,191.25,16.377988276952696
6852,0,438592,191.33999999999997,14.749386427916248
6853,0,438656,191.4,16.34912841713588
6854,0,438720,191.1,12.145287151813246
6855,0,438784,193.42999999999998,10.414129824426043
6856,0,438848,191.34,11.18822595410014
6857,0,438912,193.56,12.30984971476094
6858,0,438976,191.06,13.662737646606557
6859,0,439040,191.21999999999997,11.983889185068424
6860,0,439104,190.09,15.694040270115275
6861,0,439168,194.44,8.23555705462599
6862,0,439232,192.82,10.332356943118064
6863,0,439296,195.31,7.426230537762752
6864,0,439360,195.43,6.004173548457775
6865,0,439424,195.35,5.3488783871013545
6866,0,439488,193.74,8.120862023209114
6867,0,439552,193.58999999999997,7.50699007592257
6868,0,439616,196.23,4.075549042767121
6869,0,439680,194.76,5.25817458820074
6870,0,439744,196.64999999999998,3.819751300804809
6871,0,439808,194.64000000000001,6.2737867352979135
6872,0,439872,195.65,5.213683918305751
6873,0,439936,193.83999999999997,6.649240558138956
6874,0,440000,194.52,7.121769443052755
6875,0,440064,194.82999999999998,7.306579226970714
6876,0,440128,191.99,9.03011074129216
6877,0,440192,190.67999999999998,13.407893197665322
6878,0,440256,193.26,8.871888186851768
6879,0,440320,193.17000000000002,7.569022393942302
6880,0,440384,192.22,8.699632176132504
6881,0,440448,193.57,9.047988726783432
6882,0,440512,191.51,10.351661702354848
6883,0,440576,193.56,8.57312078533832
6884,0,440640,192.61999999999998,8.451721718087976
6885,0,440704,192.66,8.487425993786339
6886,0,440768,191.49,9.577729376005564
6887,0,440832,193.64,6.947978123166481
6888,0,440896,193.69,7.553601789874815
6889,0,440960,191.1,10.831251081938781
6890,0,441024,194.17999999999998,5.588345014402744
6891,0,441088,192.66000000000003,7.081271072342873
6892,0,441152,194.16,6.613652546059552
6893,0,441216,194.99,5.425025345562912
6894,0,441280,194.59,7.5216288129633195
6895,0,441344,194.94,5.901897999796333
6896,0,441408,194.82,7.241381083743625
6897,0,441472,194.23000000000002,8.251430179065927
6898,0,441536,194.52,7.8869258903580395
6899,0,441600,195.28000000000003,7.05263071484677
6900,0,441664,192.94,7.748445005289771
6901,0,441728,193.82999999999998,7.336899890280634
6902,0,441792,195.0,7.587489703452653
6903,0,441856,195.57,5.222461105647414
6904,0,441920,194.76,6.604422760544633
6905,0,441984,192.10999999999999,11.422911187608877
6906,0,442048,195.32,6.485645688749889
6907,0,442112,195.42000000000002,5.201884273991494
6908,0,442176,195.55,7.96671199429225
6909,0,442240,193.82999999999998,8.470306960199258
6910,0,442304,196.03,5.513991294878877
6911,0,442368,194.55,6.930115439153955
6912,0,442432,195.0,6.959454001572248
6913,0,442496,195.54000000000002,5.917972625823815
6914,0,442560,193.53000000000003,7.297540681626927
6915,0,442624,195.33,4.879969262198273
6916,0,442688,195.25,6.191324575565393
6917,0,442752,195.12000000000003,7.784060636968341
6918,0,442816,195.03000000000003,6.330094786020194
6919,0,442880,194.67000000000002,8.75249107397431
6920,0,442944,193.06,13.599499990808486
6921,0,443008,193.29000000000002,10.90783663244
6922,0,443072,195.07,8.57228674275423
6923,0,443136,195.07999999999998,8.026057562714085
6924,0,443200,194.39,10.49527989145597
6925,0,443264,195.07,9.449978835955138
6926,0,443328,194.53,8.786358745236845
6927,0,443392,195.8,6.6991044177561525
6928,0,443456,194.13,8.796482251445747
6929,0,443520,194.42,8.378639507700518
6930,0,443584,195.32999999999998,6.293973307855695
6931,0,443648,197.04,4.013028781357041
6932,0,443712,195.74,6.377962056958317
6933,0,443776,195.35999999999999,10.344196440516775
6934,0,443840,194.29000000000002,9.378640626444755
6935,0,443904,193.96,11.47259342956073
6936,0,443968,193.95,13.592148468877172
6937,0,444032,195.23999999999998,9.369226222052705
6938,0,444096,196.05,5.334650878923568
6939,0,444160,196.33,9.521034607646376
6940,0,444224,194.64,9.848776573767928
6941,0,444288,195.81,8.052260552167942
6942,0,444352,196.43,6.632050964822274
6943,0,444416,196.20999999999998,5.219281559755132
6944,0,444480,195.57,9.013883735660228
6945,0,444544,195.69,8.876423829448434
6946,0,444608,194.53000000000003,10.702247427526615
6947,0,444672,195.71999999999997,8.117117715051323
6948,0,444736,194.62,11.151125503732796
6949,0,444800,196.91,6.633468172833875
6950,0,444864,195.35999999999999,9.683408490815617
6951,0,444928,196.42000000000002,7.171164480054827
6952,0,444992,195.95,8.269733973955875
6953,0,445056,194.17000000000002,11.378492870323377
6954,0,445120,196.6,7.772387020729222
6955,0,445184,196.63,5.903736105213376
6956,0,445248,196.09,6.60203756426757
6957,0,445312,196.1,9.216181421825414
6958,0,445376,195.83,6.651473520957592
6959,0,445440,196.03000000000003,10.673523317068272
6960,0,445504,196.32,8.327400554794993
6961,0,445568,195.88000000000002,6.879505796203678
6962,0,445632,194.64000000000001,8.573703983693393
6963,0,445696,195.51,6.769556854034094
6964,0,445760,196.54000000000002,6.362892424047416
6965,0,445824,193.01,13.073595526862531
6966,0,445888,197.29000000000002,5.589713767269301
6967,0,445952,196.56,4.481115932443614
6968,0,446016,195.14000000000001,9.71804507089775
6969,0,446080,195.45,8.656009473192595
6970,0,446144,194.76000000000002,8.69438899520835
6971,0,446208,197.13,5.8866034349189835
6972,0,446272,194.60999999999999,11.462935924099023
6973,0,446336,195.36999999999998,9.176061246526201
6974,0,446400,197.84,5.3695809892392905
6975,0,446464,196.94,6.480925859782693
6976,0,446528,196.76999999999998,6.9186776193142565
6977,0,446592,197.64000000000001,4.288636146842027
6978,0,446656,196.57999999999998,6.246406967209227
6979,0,446720,197.45,4.419558801509493
6980,0,446784,195.11999999999998,11.04516183675006
6981,0,446848,196.2,8.398095022086855
6982,0,446912,196.03,7.889746510503367
6983,0,446976,197.6,4.83383905400252
6984,0,447040,196.93,7.499473314840187
6985,0,447104,195.98999999999998,5.835828989955067
6986,0,447168,197.39,5.728603669307205
6987,0,447232,196.33,7.134430600965998
6988,0,447296,195.28,8.255155964607814
6989,0,447360,195.68,8.920291475058427
6990,0,447424,196.1,7.157094382499088
6991,0,447488,196.42,8.288884122727252
6992,0,447552,198.25,4.082952363180346
6993,0,447616,195.69,9.829593073978186
6994,0,447680,195.22,11.535839804712964
6995,0,447744,195.24,7.3916439308181
6996,0,447808,195.49,7.842250952373303
6997,0,447872,195.3,10.001299915510982
6998,0,447936,194.21999999999997,12.643638716761878
6999,0,448000,194.7,12.575293237137652
7000,0,448064,196.75,7.077605527295233
7001,0,448128,193.60999999999999,12.598686439466618
7002,0,448192,194.85999999999999,11.047370727915311
7003,0,448256,193.56,14.188319139348398
7004,0,448320,194.32,12.867929126320211
7005,0,448384,194.43,13.395376067882532
7006,0,448448,194.71999999999997,12.037923408960532
7007,0,448512,194.97,11.502004173186519
7008,0,448576,195.39,8.116704996487185
7009,0,448640,193.31,12.348963519259419
7010,0,448704,192.87,16.704972313655592
7011,0,448768,190.14,21.993053448759678
7012,0,448832,192.64,17.180407445692314
7013,0,448896,193.58999999999997,14.679880789706708
7014,0,448960,191.76999999999998,18.08220395858867
7015,0,449024,189.46999999999997,22.620523866612814
7016,0,449088,192.07,17.08245005846644
7017,0,449152,192.00000000000003,17.42148099330249
7018,0,449216,189.31,22.95689221127285
7019,0,449280,190.87,21.521572897908737
7020,0,449344,190.29,23.04458504725134
7021,0,449408,191.14,17.60370415565997
7022,0,449472,189.63,22.580081930763672
7023,0,449536,190.38,19.70800852445523
7024,0,449600,192.96,10.904604532031415
7025,0,449664,193.29,9.826845882581047
7026,0,449728,194.8,8.311317585076386
7027,0,449792,194.42000000000002,12.192686332387956
7028,0,449856,190.54000000000002,20.436252102574976
7029,0,449920,190.77,18.705135658422794
7030,0,449984,189.87,19.12548300043688
7031,0,450048,190.17,19.43250112569146
7032,0,450112,190.13,20.049291758064673
7033,0,450176,189.02,18.25172868525061
7034,0,450240,191.13,16.807441804153303
7035,0,450304,189.26999999999998,20.21900343736061
7036,0,450368,190.88,17.433347354997547
7037,0,450432,190.32000000000002,16.476213157154774
7038,0,450496,192.53,16.002877866183944
7039,0,450560,191.65000000000003,11.391597780820739
7040,0,450624,189.54000000000002,16.13581110449673
7041,0,450688,189.87,17.51867860313671
7042,0,450752,191.64000000000001,15.53062780443856
7043,0,450816,191.70999999999998,16.07454198414375
7044,0,450880,188.70999999999998,20.072291847220637
7045,0,450944,191.48,13.939067400654897
7046,0,451008,191.38000000000002,15.37847846830108
7047,0,451072,192.45999999999998,12.968592830372923
7048,0,451136,189.12999999999997,20.7862478576582
7049,0,451200,190.57,19.95069171733151
7050,0,451264,188.59,20.42216687817431
7051,0,451328,189.44,23.270805744537512
7052,0,451392,188.9,22.738997339372727
7053,0,451456,194.85,11.193591916806689
7054,0,451520,188.05,21.247364542455607
7055,0,451584,190.07,16.787140912019535
7056,0,451648,188.5,17.90022346229231
7057,0,451712,189.61,16.279769654390073
7058,0,451776,191.79000000000002,14.491614816851845
7059,0,451840,192.12000000000003,12.168549625982548
7060,0,451904,191.13,15.781701429186901
7061,0,451968,191.04,15.169522075530264
7062,0,452032,190.28000000000003,17.14420018548547
7063,0,452096,192.57999999999998,9.058233823433792
7064,0,452160,191.72,17.780652406478232
7065,0,452224,191.17,13.814923090629206
7066,0,452288,190.78,13.351689031729283
7067,0,452352,191.28,15.550999967847728
7068,0,452416,188.81,18.552490398865597
7069,0,452480,190.38,16.13485667739258
7070,0,452544,188.70999999999998,17.107860766326105
7071,0,452608,188.78,16.72840697735442
7072,0,452672,188.65000000000003,15.83832377494538
7073,0,452736,187.12,18.107169850642038
7074,0,452800,191.11,14.253522371680623
7075,0,452864,189.1,18.99494669642429
7076,0,452928,188.74,16.59959035639133
7077,0,452992,188.95000000000002,15.439575771374031
7078,0,453056,190.0,12.70133851214115
7079,0,453120,189.31,18.532698130601492
7080,0,453184,187.60999999999999,16.73161378947052
7081,0,453248,190.91,11.815790282499094
7082,0,453312,189.7,14.897382320394415
7083,0,453376,192.16,11.99659951819681
7084,0,453440,190.18,13.004137803022541
7085,0,453504,189.67,12.819208243881524
7086,0,453568,190.44,9.36762509924474
7087,0,453632,191.06,10.154329126042743
7088,0,453696,191.84,9.484429344984335
7089,0,453760,190.3,11.628327480768679
7090,0,453824,192.26,11.17740578130722
7091,0,453888,186.49999999999997,15.563033123398537
7092,0,453952,190.16000000000003,11.23603132783102
7093,0,454016,188.23,15.24401849907038
7094,0,454080,189.96,12.441479011757405
7095,0,454144,189.21999999999997,10.278599126340126
7096,0,454208,190.07,11.653673240656785
7097,0,454272,191.22,10.586670864818647
7098,0,454336,188.85,11.542118523044197
7099,0,454400,191.14,10.126618389176127
7100,0,454464,190.35999999999999,11.037590316731277
7101,0,454528,191.3,8.818049670987342
7102,0,454592,191.03,10.850626710010806
7103,0,454656,188.59,11.816805828987802
7104,0,454720,191.78000000000003,8.858871259929225
7105,0,454784,188.63,14.791419810146692
7106,0,454848,191.91,9.988538431622517
7107,0,454912,191.79000000000002,9.738937313690853
7108,0,454976,189.27999999999997,13.00036922552587
7109,0,455040,189.98000000000002,10.802018329923348
7110,0,455104,193.33999999999997,7.547343903652464
7111,0,455168,186.32,15.050036544806135
7112,0,455232,188.96,11.060126581554123
7113,0,455296,189.54,11.69172356840513
7114,0,455360,192.6,9.194019795497507
7115,0,455424,187.52999999999997,14.777080225809156
7116,0,455488,185.05,15.772269969791921
7117,0,455552,188.22,15.807453937937005
7118,0,455616,190.39,11.422736099551628
7119,0,455680,188.2,16.85111272290349
7120,0,455744,190.92000000000002,9.332823795615129
7121,0,455808,188.01,13.106292381905721
7122,0,455872,188.32999999999998,14.21675420059023
7123,0,455936,185.2,17.68700087634984
7124,0,456000,186.23000000000002,20.09313564379637
7125,0,456064,188.63,13.875954021255618
7126,0,456128,188.26,13.188798277326102
7127,0,456192,187.07,15.576716598821458
7128,0,456256,186.78000000000003,19.03852935496857
7129,0,456320,190.21,11.593916508238273
7130,0,456384,185.2,17.534879526247106
7131,0,456448,187.22,17.21945411446019
7132,0,456512,186.76,16.18920628072914
7133,0,456576,184.91,19.682654800610614
7134,0,456640,186.99,15.30773987236522
7135,0,456704,187.15,18.995591593840924
7136,0,456768,185.52,17.962115688303538
7137,0,456832,190.18,14.089627390389001
7138,0,456896,184.85999999999999,19.561247403987306
7139,0,456960,189.46,17.960412021999943
7140,0,457024,188.63000000000002,14.205143434685901
7141,0,457088,184.35,23.462661826826047
7142,0,457152,186.26000000000002,16.858422227480247
7143,0,457216,188.26,15.445400609890314
7144,0,457280,184.51,21.59821520403943
7145,0,457344,188.74,14.238834221943874
7146,0,457408,187.78,14.328070351586074
7147,0,457472,188.95999999999998,14.57780504739997
7148,0,457536,182.28,22.748397745775417
7149,0,457600,185.19,20.087929211344807
7150,0,457664,182.73000000000002,24.558055704798782
7151,0,457728,189.05,12.94328010977125
7152,0,457792,185.58999999999997,21.707070276755452
7153,0,457856,184.40000000000003,22.008634669147472
7154,0,457920,188.35999999999999,15.43212234269804
7155,0,457984,190.07,14.441540776523814
7156,0,458048,186.32,22.90453230258151
7157,0,458112,188.9,16.198394982219693
7158,0,458176,187.3,20.056171120131573
7159,0,458240,189.94,16.294489866209375
7160,0,458304,188.1,16.650405400469985
7161,0,458368,191.0,11.120341721368098
7162,0,458432,190.07,13.692410306443493
7163,0,458496,190.05,16.23177439468649
7164,0,458560,188.27,16.146395882673012
7165,0,458624,188.42000000000002,14.22707278395665
7166,0,458688,188.55,16.21766012715768
7167,0,458752,189.08999999999997,16.110335192043646
7168,0,458816,187.81,17.991356257936754
7169,0,458880,184.92,22.110260061790317
7170,0,458944,186.47000000000003,18.684809338069254
7171,0,459008,189.29000000000002,15.070729909330867
7172,0,459072,190.17000000000002,14.231728637098161
7173,0,459136,184.68,20.865176730619847
7174,0,459200,186.85999999999999,16.730224146735157
7175,0,459264,182.42999999999998,24.358245010673492
7176,0,459328,186.48999999999998,20.77967516589227
7177,0,459392,187.44,18.50941382108034
7178,0,459456,187.67000000000002,17.38344327226341
7179,0,459520,185.94,19.60143872270605
7180,0,459584,187.1,20.645871257953733
7181,0,459648,186.08,19.73812554423545
7182,0,459712,182.21999999999997,26.907723798195942
7183,0,459776,185.1,23.834554747257187
7184,0,459840,185.21999999999997,23.593380427569084
7185,0,459904,186.2,22.138157104872125
7186,0,459968,186.42000000000002,21.792971343990708
7187,0,460032,185.67,20.291133531668454
7188,0,460096,186.12,21.419047597874183
7189,0,460160,186.2,20.596067585828123
7190,0,460224,184.66000000000003,21.122793375877162
7191,0,460288,185.37,22.60314358667838
7192,0,460352,185.44,22.236465546484673
7193,0,460416,183.72,25.70112059813735
7194,0,460480,183.98,25.134709069332793
7195,0,460544,187.06,19.692039000570766
7196,0,460608,183.98,25.1506580430811
7197,0,460672,184.87,24.618815974778315
7198,0,460736,186.74999999999997,22.04265183683669
7199,0,460800,185.81,20.181895352022813
7200,0,460864,183.36999999999998,25.597892491375145
7201,0,460928,183.79,25.359434141951986
7202,0,460992,185.72,25.16099362107943
7203,0,461056,183.07,29.331316029118092
7204,0,461120,183.79,24.379969237060166
7205,0,461184,182.93,27.272625469506966
7206,0,461248,180.71999999999997,29.597628283360816
7207,0,461312,183.79000000000002,27.18497562993206
7208,0,461376,183.24,26.615416585129754
7209,0,461440,182.03000000000003,27.247790736131247
7210,0,461504,185.14,22.007689565240597
7211,0,461568,184.05,26.61068394461142
7212,0,461632,184.98,25.180857809058054
7213,0,461696,184.57,23.756517000604276
7214,0,461760,185.93,20.74189239196848
7215,0,461824,185.47,20.939152322861595
7216,0,461888,184.79000000000002,23.116290792426025
7217,0,461952,183.10999999999999,23.6586749417629
7218,0,462016,182.42000000000002,26.463590081468535
7219,0,462080,181.8,24.41663367460797
7220,0,462144,183.56,24.162748188068342
7221,0,462208,185.08999999999997,20.662741831615666
7222,0,462272,184.97,21.816693149971197
7223,0,462336,181.45,24.65385365414503
7224,0,462400,181.61,28.25885524928425
7225,0,462464,185.84999999999997,18.214787948257865
7226,0,462528,184.77,23.71695806801538
7227,0,462592,181.77999999999997,24.736847010077906
7228,0,462656,185.26,21.91274514979809
7229,0,462720,183.65,22.702609982114392
7230,0,462784,185.15,22.949172098356843
7231,0,462848,183.16,23.295930975172467
7232,0,462912,185.82,21.695981194682116
7233,0,462976,181.58,23.736208627327155
7234,0,463040,183.19,24.30520314665154
7235,0,463104,184.94,23.0627058256398
7236,0,463168,184.05,23.279400765483636
7237,0,463232,182.72,23.6059653477675
7238,0,463296,182.90999999999997,27.598494524158376
7239,0,463360,184.93,21.644632129006023
7240,0,463424,182.07,22.09796596974482
7241,0,463488,184.89,21.238523960011907
7242,0,463552,183.6,25.03397691138985
7243,0,463616,184.23999999999998,20.877701022861686
7244,0,463680,187.19,15.718616351320492
7245,0,463744,185.16,21.872960476350706
7246,0,463808,188.96,13.664860043191076
7247,0,463872,182.99999999999997,22.980905117074915
7248,0,463936,183.83,20.86672231089492
7249,0,464000,184.65,21.655311126834444
7250,0,464064,184.25,20.57912777549136
7251,0,464128,182.59,25.30962070043721
7252,0,464192,183.29,20.966232374940425
7253,0,464256,183.01999999999998,24.583604292292048
7254,0,464320,184.10999999999999,21.10641845505769
7255,0,464384,186.14000000000001,15.353514255700551
7256,0,464448,182.20000000000002,20.788265920946845
7257,0,464512,187.52,14.303482093532333
7258,0,464576,182.88,20.920172083422262
7259,0,464640,183.73,22.698019737413215
7260,0,464704,183.93,19.40829977097427
7261,0,464768,185.12,19.618705359936463
7262,0,464832,180.51,25.66442869030986
7263,0,464896,182.34,24.463245900738517
7264,0,464960,184.06,19.86163135293776
7265,0,465024,182.24999999999997,24.53867355828346
7266,0,465088,180.26,23.193714665831344
7267,0,465152,183.54000000000002,19.15286923674884
7268,0,465216,182.92000000000002,17.479347813920292
7269,0,465280,182.73999999999998,20.235424383985624
7270,0,465344,183.78000000000003,21.409521246398764
7271,0,465408,183.00000000000003,22.453641130115177
7272,0,465472,179.83,21.83959935529954
7273,0,465536,183.07,22.153873250517616
7274,0,465600,180.81,25.37469014589144
7275,0,465664,180.69,24.271936469923453
7276,0,465728,182.16,21.98518592143355
7277,0,465792,181.16000000000003,22.60399079808697
7278,0,465856,179.56,26.36130497528527
7279,0,465920,182.82,21.34880792924982
7280,0,465984,183.35999999999999,20.491910599063228
7281,0,466048,182.07,22.415800231087
7282,0,466112,183.0,25.49133186006569
7283,0,466176,179.8,24.287033577610917
7284,0,466240,181.67000000000002,23.58749880763113
7285,0,466304,180.06,23.242943015031464
7286,0,466368,180.45,21.463282600757974
7287,0,466432,181.01,21.609694583681648
7288,0,466496,178.29000000000002,25.07670034115334
7289,0,466560,178.68,27.039334311332443
7290,0,466624,179.77,24.851842990007803
7291,0,466688,179.19,25.56382013706089
7292,0,466752,179.62,27.100693718058217
7293,0,466816,180.4,29.54677647392351
7294,0,466880,180.43,27.676526154848265
7295,0,466944,180.89,24.73849025304495
7296,0,467008,179.34999999999997,29.34993185682038
7297,0,467072,180.3,23.389356553783177
7298,0,467136,178.53,26.33860474664518
7299,0,467200,176.63,30.4958702122107
7300,0,467264,181.35,21.136567838700778
7301,0,467328,177.48,27.387069941853948
7302,0,467392,176.28,27.181751231294864
7303,0,467456,175.33999999999997,25.441273553027962
7304,0,467520,172.33999999999997,31.116561506696076
7305,0,467584,174.35,27.24328357595685
7306,0,467648,169.86999999999998,27.20588355484894
7307,0,467712,173.29000000000002,27.486776820864247
7308,0,467776,174.42000000000002,27.385171169813784
7309,0,467840,172.01,30.413104083601855
7310,0,467904,170.71999999999997,32.5705940995862
7311,0,467968,175.93,23.046173218128864
7312,0,468032,171.41,34.476004698920676
7313,0,468096,169.67999999999998,31.984896435661625
7314,0,468160,172.39,30.982202955890664
7315,0,468224,168.89,33.73216417605013
7316,0,468288,168.31,28.19388054170621
7317,0,468352,167.82999999999998,33.35590052749288
7318,0,468416,173.74,28.723481683110773
7319,0,468480,170.59,28.650495632711145
7320,0,468544,168.44,35.533961220218615
7321,0,468608,167.91,33.38689713046122
7322,0,468672,172.6,28.687767427947406
7323,0,468736,169.69,32.50065999329859
7324,0,468800,168.93,32.354475733660095
7325,0,468864,170.12,33.569295494543816
7326,0,468928,170.91000000000003,30.798034028164846
7327,0,468992,168.44,31.46214233010842
7328,0,469056,166.9,28.28858426998425
7329,0,469120,165.61,33.21269185115835
7330,0,469184,167.20000000000002,31.73449227575573
7331,0,469248,168.66,29.180376968092787
7332,0,469312,170.33999999999997,28.877437559451153
7333,0,469376,165.07,29.252762262733413
7334,0,469440,164.35,33.350539725767554
7335,0,469504,167.81,31.033319190831005
7336,0,469568,167.82999999999998,29.914178912348575
7337,0,469632,168.18,33.91662719080422
7338,0,469696,166.01,33.37593294576198
7339,0,469760,166.88000000000002,31.669379532917915
7340,0,469824,164.65,32.925620723078254
7341,0,469888,164.43,31.75515863603896
7342,0,469952,164.1,33.00745370367124
7343,0,470016,166.79,29.004291061841176
7344,0,470080,164.23,32.38882677714647
7345,0,470144,165.89,29.305885074503383
7346,0,470208,166.0,34.443693181771316
7347,0,470272,167.43,32.08760040888069
7348,0,470336,166.3,35.596011012471614
7349,0,470400,166.19,32.68061963916841
7350,0,470464,166.51,34.70952174836179
7351,0,470528,166.01,33.66177208644845
7352,0,470592,165.17000000000002,36.63531220011643
7353,0,470656,165.59,34.04959471124437
7354,0,470720,167.10999999999999,32.389456617856375
7355,0,470784,165.4,31.11462678548467
7356,0,470848,166.45,33.69021371259019
7357,0,470912,164.2,32.09186812885781
7358,0,470976,168.2,31.168509749424977
7359,0,471040,167.94,33.43337254899661
7360,0,471104,165.63,33.47058559392112
7361,0,471168,167.67000000000002,32.85568596148922
7362,0,471232,169.16,30.052527347961934
7363,0,471296,168.32,30.142455109031847
7364,0,471360,168.07999999999998,34.04038190150046
7365,0,471424,169.28,31.949453829447535
7366,0,471488,167.8,31.166263812013142
7367,0,471552,165.45999999999998,31.174996391339004
7368,0,471616,169.73,31.234117563971612
7369,0,471680,167.27,30.229523648248243
7370,0,471744,164.98999999999998,31.843851839876407
7371,0,471808,162.35,29.776811447836383
7372,0,471872,164.32,28.075996865650204
7373,0,471936,163.95,32.09857473471369
7374,0,472000,166.13,30.95277208910375
7375,0,472064,164.01,30.202465131177618
7376,0,472128,164.6,30.731872705710597
7377,0,472192,166.51999999999998,26.836721111193892
7378,0,472256,167.24,27.14513584419868
7379,0,472320,166.56,27.973887824183464
7380,0,472384,167.89000000000001,27.499507268313007
7381,0,472448,166.59,27.79605907318518
7382,0,472512,163.09999999999997,28.10185047287812
7383,0,472576,162.25,32.47033261301769
7384,0,472640,167.0,27.762060442265447
7385,0,472704,165.95,27.430648916859404
7386,0,472768,168.95999999999998,26.82331821382284
7387,0,472832,168.01,24.68077997146768
7388,0,472896,169.37,27.835554601983414
7389,0,472960,165.56,31.742627490489824
7390,0,473024,168.95,28.291314921721117
7391,0,473088,165.26,29.771301617497343
7392,0,473152,168.54000000000002,26.694426384547015
7393,0,473216,168.99,30.735661697773807
7394,0,473280,170.07,28.50659748198651
7395,0,473344,168.19,28.418354984059157
7396,0,473408,167.57999999999998,28.318043717742935
7397,0,473472,168.6,28.7641791122222
7398,0,473536,167.4,28.99748264936113
7399,0,473600,169.04000000000002,30.90615472685012
7400,0,473664,169.89,29.20789105704142
7401,0,473728,168.28000000000003,29.954258461861482
7402,0,473792,168.20999999999998,29.363393877411376
7403,0,473856,166.60999999999999,29.643463023068005
7404,0,473920,167.23,31.53436379570706
7405,0,473984,165.8,32.30510795524448
7406,0,474048,169.19,31.123124843113036
7407,0,474112,165.79000000000002,31.812873180522374
7408,0,474176,166.9,28.60433533574937
7409,0,474240,168.45000000000002,29.947261978351207
7410,0,474304,168.57,30.275437238791447
7411,0,474368,173.68,29.31759881027094
7412,0,474432,170.67000000000002,27.769445439187294
7413,0,474496,170.57,30.198147294163597
7414,0,474560,170.12000000000003,28.351606656413672
7415,0,474624,173.57999999999998,24.737332111608158
7416,0,474688,172.09,26.687129856917924
7417,0,474752,174.6,24.317401176935004
7418,0,474816,171.74,26.19519803322739
7419,0,474880,172.78,24.262225784127885
7420,0,474944,173.59,26.986754158290324
7421,0,475008,174.81,24.567110127159854
7422,0,475072,173.63000000000002,22.561119209826447
7423,0,475136,173.38,24.483904917312515
7424,0,475200,173.53000000000003,23.726190170358155
7425,0,475264,174.91000000000003,23.863589419867242
7426,0,475328,168.56,28.5127059396333
7427,0,475392,172.23,24.294857480545136
7428,0,475456,172.94,23.119264694189564
7429,0,475520,172.81,23.039984809022766
7430,0,475584,172.32,25.633095794304673
7431,0,475648,173.04000000000002,24.834500196299505
7432,0,475712,169.45,27.04079325759509
7433,0,475776,175.38,21.599435177800366
7434,0,475840,172.4,22.118770309400112
7435,0,475904,171.43,24.18429449043325
7436,0,475968,177.93,21.43618669446597
7437,0,476032,172.06,24.858205888599443
7438,0,476096,176.32999999999998,22.84241887366573
7439,0,476160,174.27,22.0008658920507
7440,0,476224,176.88000000000002,19.685060325028214
7441,0,476288,174.70999999999998,23.580816355673523
7442,0,476352,174.34,23.31266608519926
7443,0,476416,171.42000000000002,25.79518559731641
7444,0,476480,174.91,20.637511962443533
7445,0,476544,173.1,22.963449218268583
7446,0,476608,171.98,23.111806506632057
7447,0,476672,177.03,19.8381980028429
7448,0,476736,174.74,22.455164216723066
7449,0,476800,176.32999999999998,21.370308841942368
7450,0,476864,177.13,21.464111908019863
7451,0,476928,175.95,21.591491379707886
7452,0,476992,173.87000000000003,22.224718220935895
7453,0,477056,176.82,20.164166236172523
7454,0,477120,173.69,21.548245868283573
7455,0,477184,170.15,25.90626372134739
7456,0,477248,172.63,24.389097974299908
7457,0,477312,175.35,21.410429701432896
7458,0,477376,173.8,23.42767594107448
7459,0,477440,176.14000000000001,24.377169647028346
7460,0,477504,176.6,25.007638832964616
7461,0,477568,177.1,26.346726551888754
7462,0,477632,177.51999999999998,23.590370916965256
7463,0,477696,179.05,23.13932799369938
7464,0,477760,177.78,23.476873727138372
7465,0,477824,178.7,20.434480663819176
7466,0,477888,177.63,22.420751548509696
7467,0,477952,177.45999999999998,24.91474262359537
7468,0,478016,182.41,19.44455965045236
7469,0,478080,180.88,21.54468844054144
7470,0,478144,179.04000000000002,23.645092514092642
7471,0,478208,179.61999999999998,22.594326721546715
7472,0,478272,183.09,19.04255497563286
7473,0,478336,180.29000000000002,21.14509162902824
7474,0,478400,181.6,21.659409040876444
7475,0,478464,181.10999999999999,21.260924250841025
7476,0,478528,179.9,22.991041733684014
7477,0,478592,182.75,19.669023870034835
7478,0,478656,181.25,21.05109260822345
7479,0,478720,180.89000000000001,21.82051557594366
7480,0,478784,186.45999999999998,15.868723956260625
7481,0,478848,182.55,18.132636322388425
7482,0,478912,180.28,21.537260735757457
7483,0,478976,182.76999999999998,18.193957788232886
7484,0,479040,181.38,22.83128555294248
7485,0,479104,184.58,19.069284202612327
7486,0,479168,181.85999999999999,20.474432837077565
7487,0,479232,183.07999999999998,20.5714753967721
7488,0,479296,183.19,22.21555536105276
7489,0,479360,182.99,21.38800832242217
7490,0,479424,185.22,20.90491808163811
7491,0,479488,183.41,21.251185849264978
7492,0,479552,181.85,18.473453927189688
7493,0,479616,184.71999999999997,19.12285543531614
7494,0,479680,184.53,19.82387701737478
7495,0,479744,183.57999999999998,18.743841655327756
7496,0,479808,183.19,20.701132819244457
7497,0,479872,180.14000000000001,22.040381121931624
7498,0,479936,182.65,21.0342696569194
7499,0,480000,181.24,19.52343207532938
7500,0,480064,181.35,18.80320451412471
7501,0,480128,177.54000000000002,23.110352658494854
7502,0,480192,184.38000000000002,19.350596890018664
7503,0,480256,182.44,18.73399049855636
7504,0,480320,181.8,21.086251444958158
7505,0,480384,183.93,19.958810084772086
7506,0,480448,182.56,21.557328220352353
7507,0,480512,182.06,19.366631095779155
7508,0,480576,181.01,20.39982597964993
7509,0,480640,179.79000000000002,21.1248408278027
7510,0,480704,178.85,23.08870936193706
7511,0,480768,178.18,23.5449697387786
7512,0,480832,180.31,21.583625738045036
7513,0,480896,180.87,20.754086344621385
7514,0,480960,179.51000000000002,23.144738062894554
7515,0,481024,176.06,25.706154905002805
7516,0,481088,178.09,23.864092272701264
7517,0,481152,179.45999999999998,25.688604477472108
7518,0,481216,180.94,25.039376989054656
7519,0,481280,177.58,25.399283454459894
7520,0,481344,177.95999999999998,25.599499995117093
7521,0,481408,182.23,20.828732558655606
7522,0,481472,181.02,22.774362779230508
7523,0,481536,180.78000000000003,26.6029246512484
7524,0,481600,178.11999999999998,28.720160166684305
7525,0,481664,179.4,26.815778937036306
7526,0,481728,178.27,26.368202441577242
7527,0,481792,182.06,26.447275852155357
7528,0,481856,183.28,24.511091366970994
7529,0,481920,181.94,26.001507648596075
7530,0,481984,183.48,23.685261239851254
7531,0,482048,180.48999999999998,24.250997917611556
7532,0,482112,182.14000000000001,24.357224800867606
7533,0,482176,184.42,22.38230551127386
7534,0,482240,178.49,26.502582892993658
7535,0,482304,182.09,24.766689322555813
7536,0,482368,180.9,22.882220172002537
7537,0,482432,183.10999999999999,20.66791958567674
7538,0,482496,183.09,23.734087300757952
7539,0,482560,185.89000000000001,16.60556834317935
7540,0,482624,181.27,23.800086134297917
7541,0,482688,182.51999999999998,20.615275889495145
7542,0,482752,181.42000000000002,23.25531337135666
7543,0,482816,182.4,22.805306400046458
7544,0,482880,181.15,23.32711941067735
7545,0,482944,181.68,23.084401659995436
7546,0,483008,181.74,20.97146632927703
7547,0,483072,185.17000000000002,20.01254856333895
7548,0,483136,182.26,22.97051153109134
7549,0,483200,182.15,20.275860031081294
7550,0,483264,181.16,24.27258535879522
7551,0,483328,183.49,20.219270511074328
7552,0,483392,181.74,20.017152644669515
7553,0,483456,180.76999999999998,21.91104972382656
7554,0,483520,182.43,19.178062988737942
7555,0,483584,180.76999999999998,22.37132316158345
7556,0,483648,179.41000000000003,25.664857295531572
7557,0,483712,181.06,22.6558689967964
7558,0,483776,180.71,24.37352867354253
7559,0,483840,180.48000000000002,22.231095339636326
7560,0,483904,183.35,23.284984432032587
7561,0,483968,181.68,21.12831275800318
7562,0,484032,179.73,24.23790626271172
7563,0,484096,179.78,22.589280643703553
7564,0,484160,181.23000000000002,21.497909200664143
7565,0,484224,181.07,17.900952488624732
7566,0,484288,182.27,20.560741718138473
7567,0,484352,183.11,17.591387097099535
7568,0,484416,184.32000000000002,17.988207248083395
7569,0,484480,179.7,20.90870632057373
7570,0,484544,182.48,20.53074767269814
7571,0,484608,181.41000000000003,20.813959258151726
7572,0,484672,179.33,20.2193991008635
7573,0,484736,179.53,19.897992361039844
7574,0,484800,182.61,20.462377672206127
7575,0,484864,176.15,27.472832034575543
7576,0,484928,180.26999999999998,23.093854160793516
7577,0,484992,181.83,19.740519243424174
7578,0,485056,183.67000000000002,19.336806871870024
7579,0,485120,180.36,23.076880205088383
7580,0,485184,182.24,18.48373338911812
7581,0,485248,184.93,21.949170827163382
7582,0,485312,183.57,19.564000102228587
7583,0,485376,184.91,17.642757720946005
7584,0,485440,182.94,20.378478844113957
7585,0,485504,185.6,18.76518052138055
7586,0,485568,182.3,20.30068964345793
7587,0,485632,183.22,20.003589677855324
7588,0,485696,184.78,19.827294318691088
7589,0,485760,186.60999999999999,17.524066308936405
7590,0,485824,185.89,19.373871580043055
7591,0,485888,185.37,19.781761802225805
7592,0,485952,186.84,19.32253606543406
7593,0,486016,184.4,19.433785014762304
7594,0,486080,185.32,19.38653140713934
7595,0,486144,184.92000000000002,19.32686213538038
7596,0,486208,180.95,22.762875477408386
7597,0,486272,185.23000000000002,19.241000493737328
7598,0,486336,184.73999999999998,19.05629554766613
7599,0,486400,180.16000000000003,24.2927231902889
7600,0,486464,187.19,18.507320173380045
7601,0,486528,187.5,16.98045935774412
7602,0,486592,182.58,21.25454304378243
7603,0,486656,186.32,19.53467685936985
7604,0,486720,184.78,21.286277269640173
7605,0,486784,185.35000000000002,19.468859750894506
7606,0,486848,185.42000000000002,19.03233038805285
7607,0,486912,183.71999999999997,19.60192847655557
7608,0,486976,185.27,19.857142291880773
7609,0,487040,185.57,18.968713714957055
7610,0,487104,185.64000000000001,20.204464853096212
7611,0,487168,187.71,15.774755148654446
7612,0,487232,186.96,18.89101373669502
7613,0,487296,185.9,19.38716069980336
7614,0,487360,187.92999999999998,18.16441851532826
7615,0,487424,185.82,18.966697129442434
7616,0,487488,187.24,18.16954594919752
7617,0,487552,186.69,20.70707367060831
7618,0,487616,185.01,21.070569522440532
7619,0,487680,185.49,19.72477883272712
7620,0,487744,183.15,21.485262390764518
7621,0,487808,188.32,18.557736930994576
7622,0,487872,186.6,19.462271193260055
7623,0,487936,185.86999999999998,19.904725569572665
7624,0,488000,186.53000000000003,20.387989111239
7625,0,488064,188.72,17.94395720012729
7626,0,488128,185.01,19.580574557453623
7627,0,488192,186.08,19.741114456889203
7628,0,488256,187.6,19.462990520472438
7629,0,488320,185.53,21.343525950507804
7630,0,488384,183.86999999999998,24.497634579689528
7631,0,488448,185.26999999999998,20.867920356374757
7632,0,488512,184.68,21.622479043809946
7633,0,488576,185.76,21.219151726683133
7634,0,488640,184.55,19.311253195999477
7635,0,488704,186.0,20.94922432931587
7636,0,488768,185.4,22.179449948093843
7637,0,488832,185.42999999999998,21.549805103527042
7638,0,488896,185.74,21.49042577521442
7639,0,488960,184.33999999999997,21.76948322767447
7640,0,489024,184.95999999999998,22.51533699503518
7641,0,489088,186.20999999999998,21.096371725962737
7642,0,489152,185.97,20.908278264840458
7643,0,489216,187.81,22.186187144257122
7644,0,489280,182.96999999999997,24.252383388030132
7645,0,489344,185.12,22.595565936705373
7646,0,489408,185.56,21.105838054907938
7647,0,489472,184.42000000000002,22.793586817348427
7648,0,489536,184.55,21.36535747419172
7649,0,489600,184.84,21.669342398882343
7650,0,489664,185.94,22.86321062318239
7651,0,489728,186.97,18.990789872988437
7652,0,489792,185.13000000000002,21.26203423946072
7653,0,489856,185.01,22.43860289768505
7654,0,489920,184.7,21.88593155431132
7655,0,489984,183.68,23.27456981342512
7656,0,490048,183.48999999999998,24.261675539830303
7657,0,490112,186.69,22.456110526981295
7658,0,490176,183.73,23.07492361850847
7659,0,490240,185.28,20.592707447055137
7660,0,490304,183.3,22.769365384217455
7661,0,490368,186.28,19.910690595757846
7662,0,490432,184.77,23.77263342585335
7663,0,490496,183.09,23.538583219896648
7664,0,490560,182.89000000000001,25.242046272043794
7665,0,490624,181.14000000000001,26.102306411503182
7666,0,490688,183.48000000000002,24.864022200762292
7667,0,490752,184.54000000000002,22.391927116708825
7668,0,490816,185.06,23.026819146377985
7669,0,490880,179.92,26.719311368371752
7670,0,490944,182.51,24.06322713187074
7671,0,491008,183.47,25.368486356107255
7672,0,491072,179.94,30.896705325972864
7673,0,491136,179.48,27.64824768407575
7674,0,491200,182.53000000000003,25.45965632132531
7675,0,491264,182.0,27.51606803306025
7676,0,491328,175.82,34.02342722301797
7677,0,491392,180.12,28.817626550429168
7678,0,491456,177.39000000000001,31.952791740315895
7679,0,491520,182.23,26.012575804791034
7680,0,491584,178.35,33.04403879673306
7681,0,491648,178.28,32.73071340499623
7682,0,491712,177.95,29.802424398025074
7683,0,491776,179.07999999999998,31.482369669387978
7684,0,491840,177.76,28.72212387690019
7685,0,491904,181.77,25.58378588090511
7686,0,491968,179.45999999999998,30.788186045949512
7687,0,492032,179.54000000000002,30.49144798136028
7688,0,492096,177.70999999999998,31.37911566631539
7689,0,492160,178.4,30.467261117468368
7690,0,492224,181.81,26.334860926156416
7691,0,492288,179.64000000000001,29.249451276904324
7692,0,492352,180.61999999999998,26.870385185181103
7693,0,492416,177.42000000000002,30.070211173185996
7694,0,492480,178.68,30.034573411320498
7695,0,492544,179.54,29.230812510089418
7696,0,492608,181.04000000000002,27.835021106512567
7697,0,492672,180.63000000000002,28.113663937665606
7698,0,492736,176.43,34.907450494128035
7699,0,492800,179.76,30.525373052593476
7700,0,492864,180.44,30.55667521180929
7701,0,492928,179.05,29.11337321575774
7702,0,492992,183.44,25.509653074865604
7703,0,493056,180.51,28.082928978295698
7704,0,493120,178.84,30.42496343465346
7705,0,493184,178.55,31.58823356884648
7706,0,493248,178.8,31.647843528430176
7707,0,493312,179.17000000000002,32.83857640032527
7708,0,493376,179.76999999999998,30.816458265024558
7709,0,493440,181.66,26.86105731351616
7710,0,493504,178.84,31.53887125437434
7711,0,493568,181.14000000000001,27.552720373857827
7712,0,493632,180.95,27.488443026115537
7713,0,493696,178.94,30.65639248182995
7714,0,493760,180.48000000000002,28.473208459883832
7715,0,493824,181.0,27.96454898617176
7716,0,493888,178.57,32.2749144073226
7717,0,493952,177.77,33.543942821320215
7718,0,494016,181.28,29.442887086697183
7719,0,494080,179.67,30.701174244644125
7720,0,494144,182.51,26.70301293861799
7721,0,494208,179.59,29.340124403280907
7722,0,494272,179.53,30.15019237086224
7723,0,494336,180.85999999999999,29.250100854526984
7724,0,494400,177.51999999999998,31.7786028641915
7725,0,494464,181.1,28.48919093270288
7726,0,494528,179.98000000000002,29.96263673310478
7727,0,494592,176.35999999999999,34.60775057700226
7728,0,494656,179.67,28.840875506821913
7729,0,494720,181.43,27.321714807090714
7730,0,494784,178.64000000000001,32.142657015249995
7731,0,494848,178.69,32.01588511973392
7732,0,494912,179.25,31.378567526259065
7733,0,494976,180.48000000000002,29.114182111129274
7734,0,495040,176.68,35.321942188956704
7735,0,495104,179.57,30.690847169799664
7736,0,495168,178.41,33.030968802019714
7737,0,495232,178.85999999999999,30.750258535498528
7738,0,495296,178.65,31.99638260803868
7739,0,495360,178.95999999999998,31.466877824150274
7740,0,495424,178.07999999999998,33.055250717548645
7741,0,495488,177.09,34.292344626753064
7742,0,495552,177.31,34.246122408237696
7743,0,495616,176.26999999999998,36.30143385597874
7744,0,495680,177.5,33.83323809510405
7745,0,495744,178.4,31.971299629511467
7746,0,495808,175.32999999999998,36.59855325009447
7747,0,495872,176.5,35.489463225019335
7748,0,495936,174.76000000000002,37.785399296553685
7749,0,496000,174.38,38.14178286341633
7750,0,496064,174.74,37.27860512411912
7751,0,496128,174.77,38.72805313981068
7752,0,496192,172.12,41.84673941897982
7753,0,496256,176.45,36.2849624500288
7754,0,496320,173.70999999999998,40.59454273667829
7755,0,496384,177.47,33.19331408582156
7756,0,496448,176.2,36.477308014709635
7757,0,496512,175.81,37.244770102660055
7758,0,496576,173.35,40.10035536002144
7759,0,496640,173.29000000000002,41.05285495553263
7760,0,496704,173.60999999999999,39.723757375152715
7761,0,496768,174.76,37.46676393818927
7762,0,496832,173.99,39.378711253671064
7763,0,496896,173.2,40.57102414285348
7764,0,496960,170.92,42.95210821368376
7765,0,497024,176.01999999999998,35.4565875402583
7766,0,497088,173.52,38.46577179779446
7767,0,497152,173.79,39.914770449045555
7768,0,497216,174.57,36.2399517107846
7769,0,497280,176.56,34.44401834861896
7770,0,497344,172.4,38.84497393486061
7771,0,497408,172.11999999999998,40.80771495685589
7772,0,497472,173.94,39.68839124983526
7773,0,497536,176.23000000000002,36.1926801991784
7774,0,497600,172.41000000000003,41.29158388824531
7775,0,497664,172.60000000000002,38.73081460542755
7776,0,497728,172.72,41.37230474604962
7777,0,497792,173.31,35.57334535856868
7778,0,497856,174.22,35.326443353386146
7779,0,497920,171.16000000000003,42.18855769044493
7780,0,497984,173.98,35.40818549431755
7781,0,498048,173.48000000000002,37.07710344673651
7782,0,498112,172.32999999999998,37.66276808732996
7783,0,498176,171.98,39.67815015849403
7784,0,498240,175.36,33.12739651708235
7785,0,498304,177.04000000000002,33.73085234618301
7786,0,498368,173.47,36.177978108235955
7787,0,498432,175.60999999999999,32.74231054766905
7788,0,498496,172.06,37.33725217527396
7789,0,498560,174.65,33.68472205614884
7790,0,498624,175.15,31.38366613383465
7791,0,498688,174.96,35.88950264353074
7792,0,498752,173.28000000000003,36.27472398240957
7793,0,498816,178.93,30.24354641902963
7794,0,498880,176.28000000000003,30.729100214617414
7795,0,498944,175.96,29.681044456016032
7796,0,499008,173.91,36.19037026613571
7797,0,499072,173.70999999999998,32.3071338871154
7798,0,499136,180.02,29.455722703746382
7799,0,499200,177.39,31.25589384420161
7800,0,499264,175.14000000000001,36.9148533790939
7801,0,499328,176.99,32.41902065146324
7802,0,499392,179.28,27.360073099317553
7803,0,499456,175.68,32.834000670037156
7804,0,499520,175.13000000000002,33.7223086398307
7805,0,499584,174.35,32.67568667985418
7806,0,499648,174.0,32.068769854797985
7807,0,499712,178.10999999999999,28.946034270690692
7808,0,499776,175.73999999999998,32.65572537856111
7809,0,499840,176.69,31.55159108507842
7810,0,499904,176.46999999999997,32.04150589469852
7811,0,499968,174.76999999999998,33.09864196609885
7812,0,500032,177.85999999999999,28.46170058165885
7813,0,500096,175.89000000000001,30.763271932614707
7814,0,500160,173.7,31.573976626329475
7815,0,500224,180.45,24.55093684566844
7816,0,500288,174.4,32.66551698657164
7817,0,500352,173.16,33.79521267872123
7818,0,500416,177.8,27.233582210205103
7819,0,500480,177.96,26.459977324253323
7820,0,500544,177.63,29.603717671941137
7821,0,500608,177.6,30.62982206934934
7822,0,500672,175.48,29.511075886859835
7823,0,500736,177.18,29.754925642656207
7824,0,500800,177.83,28.185742849887777
7825,0,500864,173.67000000000002,36.21878103967609
7826,0,500928,176.01999999999998,30.931692485216516
7827,0,500992,176.09,31.201616945280254
7828,0,501056,180.01000000000002,29.061811712279745
7829,0,501120,173.98,32.58999232893435
7830,0,501184,174.58999999999997,33.88042059951441
7831,0,501248,173.17000000000002,34.609971106604526
7832,0,501312,173.86999999999998,35.88657269787685
7833,0,501376,175.97000000000003,32.36254161835872
7834,0,501440,173.85999999999999,34.28385042552834
7835,0,501504,176.58999999999997,33.073326110326434
7836,0,501568,173.64000000000001,35.05966913705832
7837,0,501632,172.82,35.476578188996754
7838,0,501696,176.65000000000003,32.13693358116172
7839,0,501760,174.66,33.02908415321261
7840,0,501824,175.01,33.51311534310113
7841,0,501888,173.38,37.519189756709835
7842,0,501952,173.82,35.118223189677465
7843,0,502016,175.01000000000002,34.125487542304796
7844,0,502080,173.74,35.81944164835627
7845,0,502144,176.92000000000002,31.699899053467032
7846,0,502208,175.35,34.303010072003886
7847,0,502272,178.35999999999999,30.817696214999582
7848,0,502336,174.14000000000001,36.4435234300966
7849,0,502400,175.91,33.1428559421182
7850,0,502464,174.82999999999998,37.5180769763057
7851,0,502528,176.06,32.362546253346636
7852,0,502592,178.20999999999998,30.39277710246302
7853,0,502656,174.23,36.445001028947715
7854,0,502720,175.91,33.26041040035436
7855,0,502784,177.01999999999998,34.762589086545326
7856,0,502848,175.34999999999997,33.64221306632487
7857,0,502912,175.64,31.708144064262104
7858,0,502976,177.45,31.09106784914278
7859,0,503040,176.14,33.1683945948549
7860,0,503104,178.13000000000002,31.074943282329574
7861,0,503168,175.52,33.275360253496885
7862,0,503232,177.22999999999996,33.83965277599639
7863,0,503296,177.72,34.01696047562157
7864,0,503360,177.07999999999998,29.34773585815437
7865,0,503424,176.43,34.55566668435149
7866,0,503488,173.1,35.02684684638342
7867,0,503552,176.81,32.40390254274938
7868,0,503616,178.59,28.01961634284096
7869,0,503680,173.98,34.59349071718551
7870,0,503744,176.66000000000003,33.63124142817211
7871,0,503808,173.88,33.152278956355325
7872,0,503872,173.77,29.204453427516835
7873,0,503936,176.88,30.206913116040177
7874,0,504000,173.3,33.74264364272604
7875,0,504064,174.22,31.82646068918126
7876,0,504128,175.62,30.037869431768957
7877,0,504192,172.16,30.668459367891305
7878,0,504256,171.77,35.19093775391614
7879,0,504320,172.95999999999998,30.998103167774634
7880,0,504384,172.10000000000002,30.89640755816119
7881,0,504448,172.62000000000003,32.35434437598759
7882,0,504512,168.66,32.53008453724029
7883,0,504576,169.65,31.729773084596744
7884,0,504640,174.59,32.866866294187524
7885,0,504704,172.89,31.0466890344204
7886,0,504768,170.45999999999998,33.15207987442115
7887,0,504832,169.98,33.75209030563885
7888,0,504896,169.64000000000001,32.196869413034555
7889,0,504960,173.3,28.088752197276403
7890,0,505024,171.24,33.60146425380894
7891,0,505088,166.83999999999997,33.57699212258299
7892,0,505152,168.9,31.668628009435455
7893,0,505216,168.59,34.00336600985261
7894,0,505280,175.12,30.482808269580417
7895,0,505344,174.23,30.527333653629164
7896,0,505408,173.88,32.21629401405444
7897,0,505472,170.37,32.85732947151975
7898,0,505536,173.85,31.747385719142294
7899,0,505600,172.90000000000003,31.88861865932734
7900,0,505664,174.17000000000002,33.90643154329278
7901,0,505728,172.91,31.11779073134852
7902,0,505792,176.18,27.798949620444294
7903,0,505856,169.18,34.89443508641457
7904,0,505920,172.91,32.87252500189178
7905,0,505984,172.66,29.92975776714539
7906,0,506048,171.34,33.22677233798071
7907,0,506112,173.75,31.173650732629955
7908,0,506176,173.85999999999999,30.69668385998722
7909,0,506240,172.74,29.407454837166714
7910,0,506304,171.67000000000002,30.26780632949801
7911,0,506368,171.85,29.135416592182096
7912,0,506432,170.79000000000002,31.113227090740686
7913,0,506496,172.03,29.365695973363206
7914,0,506560,172.58999999999997,28.840924048996765
7915,0,506624,171.34999999999997,29.697584076823485
7916,0,506688,170.73000000000002,32.10716586682792
7917,0,506752,168.98999999999998,33.09330596963682
7918,0,506816,170.14000000000001,30.183644577817308
7919,0,506880,169.17,34.015056960116944
7920,0,506944,172.25,29.49363490653534
7921,0,507008,168.73,33.36690126457655
7922,0,507072,170.70999999999998,32.803397689873535
7923,0,507136,173.20000000000002,29.758561793204997
7924,0,507200,174.52,29.51974932142887
7925,0,507264,171.66,31.70101575659682
7926,0,507328,171.52,31.52810809420698
7927,0,507392,174.75,29.588857700154634
7928,0,507456,172.70000000000002,30.63984334163607
7929,0,507520,172.93,30.83245205947785
7930,0,507584,171.45,32.285050720108835
7931,0,507648,176.12,25.791696338162794
7932,0,507712,176.85999999999999,29.584901554678186
7933,0,507776,176.35999999999999,30.829602657186488
7934,0,507840,173.19,28.89022152909181
7935,0,507904,175.49,26.431664722449852
7936,0,507968,173.87000000000003,27.437640204653164
7937,0,508032,172.92000000000002,29.578837029200457
7938,0,508096,174.68,30.843339637594365
7939,0,508160,171.79,31.17516479507366
7940,0,508224,170.91,31.547850956919397
7941,0,508288,171.94,28.447783744959818
7942,0,508352,173.95999999999998,30.054623604364103
7943,0,508416,173.02,27.865850067780098
7944,0,508480,172.03000000000003,29.937403026982818
7945,0,508544,170.92000000000002,29.57636894549431
7946,0,508608,172.49,27.306645711254983
7947,0,508672,170.23,30.647252731688695
7948,0,508736,170.67000000000002,29.26472449895949
7949,0,508800,168.26,33.282343667476304
7950,0,508864,170.79000000000002,31.44927503138983
7951,0,508928,169.53,31.11662096050919
7952,0,508992,170.16,27.855096481613558
7953,0,509056,166.82,33.140150874732
7954,0,509120,168.03,30.768784506379188
7955,0,509184,165.19,32.42407901544777
7956,0,509248,169.61999999999998,28.833237764774182
7957,0,509312,168.72,31.540158528453848
7958,0,509376,169.48999999999998,31.608905390728104
7959,0,509440,168.25,28.77677014537942
7960,0,509504,166.86,30.949029063930265
7961,0,509568,163.46,30.545513582194033
7962,0,509632,166.11,31.155720181051823
7963,0,509696,169.46999999999997,28.923694438988946
7964,0,509760,166.86,30.152154151900987
7965,0,509824,166.8,32.34813750434482
7966,0,509888,168.7,28.60342636818184
7967,0,509952,166.62000000000003,32.669245476441596
7968,0,510016,168.57999999999998,30.851508877200803
7969,0,510080,166.55,32.12582294665772
7970,0,510144,165.99,28.114994220166576
7971,0,510208,167.51999999999998,29.21396241525617
7972,0,510272,166.94,31.690888280387473
7973,0,510336,164.49,32.887062805911995
7974,0,510400,165.94,29.343523987415008
7975,0,510464,166.26,31.93525324778246
7976,0,510528,168.37,30.55529577667347
7977,0,510592,163.78,32.297485970273286
7978,0,510656,164.18,32.44043156309731
7979,0,510720,165.60999999999999,29.182681508045142
7980,0,510784,169.45,29.988206015031974
7981,0,510848,164.52999999999997,32.21301134634886
7982,0,510912,166.34,30.434690732780577
7983,0,510976,163.57999999999998,33.23699144026126
7984,0,511040,164.55,30.268771035507868
7985,0,511104,161.07,36.0186354544422
7986,0,511168,167.91,28.927995091260648
7987,0,511232,165.76999999999998,31.93672024488426
7988,0,511296,165.18,33.7154208041365
7989,0,511360,168.28,30.397624907219313
7990,0,511424,161.96999999999997,33.33205814227498
7991,0,511488,166.81,32.098487503307695
7992,0,511552,165.81,31.546139224951126
7993,0,511616,164.26,28.58024492547256
7994,0,511680,167.65,29.124190975888066
7995,0,511744,166.19,29.316768239354076
7996,0,511808,164.55,30.7879603091858
7997,0,511872,168.20000000000002,29.71746960964207
7998,0,511936,168.73000000000002,28.552724913745102
7999,0,512000,164.39,29.063360094799773
8000,0,512064,167.02999999999997,31.110450012817235
8001,0,512128,171.67000000000002,24.370229789642934
8002,0,512192,165.8,28.67343718496267
8003,0,512256,168.94,28.71724917188274
8004,0,512320,165.38,30.11354512507619
8005,0,512384,168.94,26.490647406207348
8006,0,512448,163.41,29.938218049843915
8007,0,512512,169.94,29.536865101090196
8008,0,512576,167.85999999999999,27.579129790477435
8009,0,512640,165.48,30.42981432739937
8010,0,512704,167.96999999999997,30.01583082308401
8011,0,512768,167.47000000000003,29.363652701937475
8012,0,512832,165.24,28.054632416055643
8013,0,512896,169.50000000000003,26.369148640030076
8014,0,512960,169.60999999999999,29.631012470045633
8015,0,513024,168.13,28.37432113725366
8016,0,513088,166.58,27.69352993029238
8017,0,513152,165.18,28.503782205174105
8018,0,513216,166.09,27.182326979123772
8019,0,513280,168.9,28.21804387267126
8020,0,513344,168.05,28.159802911242114
8021,0,513408,167.8,27.62759490075095
8022,0,513472,168.74,25.61512053455927
8023,0,513536,164.84,31.197185770514626
8024,0,513600,168.07,27.059750553173988
8025,0,513664,165.70999999999998,28.52807213956106
8026,0,513728,168.3,28.733534415383012
8027,0,513792,169.07,28.14004442071832
8028,0,513856,168.49,28.11847968863182
8029,0,513920,166.38000000000002,31.246433396469428
8030,0,513984,166.98,29.928307670164042
8031,0,514048,168.36,30.16429014579988
8032,0,514112,162.78000000000003,31.200057692254354
8033,0,514176,168.06,30.667742010131747
8034,0,514240,168.87,29.96291207476336
8035,0,514304,169.14000000000001,28.98772843808221
8036,0,514368,168.86999999999998,29.52195962330414
8037,0,514432,168.52,27.02564707828473
8038,0,514496,171.45,28.92356305851684
8039,0,514560,170.91,29.950273788397997
8040,0,514624,168.89,29.13236859577333
8041,0,514688,168.41,32.389024375550434
8042,0,514752,169.12,28.049235283693562
8043,0,514816,168.3,29.76706233406313
8044,0,514880,166.21,30.487093990736476
8045,0,514944,167.23,32.52743611168885
8046,0,515008,169.01999999999998,29.7780388877441
8047,0,515072,164.23999999999998,31.113540460706172
8048,0,515136,168.79999999999998,28.28101836921719
8049,0,515200,166.9,30.693647551244215
8050,0,515264,175.75,25.55191773624829
8051,0,515328,167.57,29.35782859817803
8052,0,515392,167.64,31.002780520462995
8053,0,515456,168.92,31.863672104765328
8054,0,515520,167.45999999999998,25.68011682216419
8055,0,515584,164.12000000000003,30.252001586671913
8056,0,515648,164.84,29.56600074409794
8057,0,515712,169.94,29.660687787035553
8058,0,515776,169.17000000000002,31.688611518966873
8059,0,515840,171.42000000000002,31.090377932730245
8060,0,515904,170.07999999999998,29.81069606701595
8061,0,515968,165.41,29.906669824639454
8062,0,516032,166.04999999999998,31.8130554961324
8063,0,516096,164.74999999999997,30.934778163096627
8064,0,516160,165.35,28.668423395785126
8065,0,516224,164.19,31.816330712387312
8066,0,516288,167.50000000000003,30.19569505740843
8067,0,516352,166.6,28.921894820360578
8068,0,516416,167.19,28.06889559637144
8069,0,516480,164.76000000000002,28.889589820556466
8070,0,516544,167.39000000000001,28.24044794262301
8071,0,516608,162.47,29.394490980454144
8072,0,516672,163.73000000000002,29.555508792778376
8073,0,516736,166.3,29.631301017673863
8074,0,516800,161.75,31.702121380122183
8075,0,516864,164.53,30.450781599164248
8076,0,516928,165.99,28.105353582547224
8077,0,516992,165.32999999999998,30.578981343399914
8078,0,517056,165.93,29.842454657752267
8079,0,517120,163.6,31.821533589693633
8080,0,517184,163.75,29.558019216449537
8081,0,517248,162.85,31.827197488940175
8082,0,517312,163.72,31.45615361101862
8083,0,517376,163.32999999999998,30.460828944728345
8084,0,517440,168.28,32.842557756666885
8085,0,517504,163.51000000000002,32.887549315812514
8086,0,517568,164.88000000000002,29.996359779146538
8087,0,517632,163.33,31.277725300923024
8088,0,517696,161.70999999999998,31.10666970281454
8089,0,517760,164.32999999999998,32.00118904040911
8090,0,517824,160.7,32.98287434411986
8091,0,517888,163.63,33.75532698701051
